General information,,time (s),O2 (%),DPT (Pa),CO (%),CO2 (%),PDM (-),PDC (-),Mass (g),Methane MFM (slpm),APT (kPa),HFM (kW/m2),Cold Trap TC (K),Stack TC (K),Smoke TC (K),Cone Heater TC (K),Spare TC (K),Soot MFM (g/s)

Test,,0,20.94137124,108.033292,0.00052522,0.04439994,0.999599,0.999276,17.817129,0.0052,102.3133,0,270.006,322.718,326.067,1057.382,0,0
Standard used,ISO 5660-1,1,20.94755784,110.471102,0.00084241,0.0474169,0.998999,0.999233,17.817129,0.0034,102.3146,0,270.009,322.715,326.108,1057.367,0,0
Date of test,01/05/2019,2,20.95374444,112.908912,0.0011596,0.05043385,0.998399,0.99919,17.817129,0.0016,102.3159,0,270.012,322.712,326.149,1057.352,0,0
Time of test,10:23,3,20.95448093,112.600006,0.00119221,0.04807932,0.998111,0.999103,17.817129,0.0004,102.3151,0,270.003,322.713,326.193,1057.356,0,0
Heat flux (kW/m²),50,4,20.95140953,111.429307,0.00109455,0.04667808,0.999459,0.999047,17.817129,0.0029,102.3154,0,270.012,322.741,326.205,1057.368,0,0
Nominal duct flow rate (l/s),24,5,20.94744202,111.395842,0.00097254,0.0463439,0.999144,0.998971,17.817129,0.0019,102.316,0,270.011,322.764,326.247,1060.033,0,0
Sampling interval (s),1,6,20.95081113,110.692184,0.00097967,0.0470224,0.997732,0.99884,17.817129,0.0005,102.3146,0,270.003,322.773,326.231,1058.131,0,0
Separation (mm),25,7,20.95493582,114.020271,0.00125351,0.04972194,0.99799,0.99873,17.817129,-0.0018,102.3168,0,270.001,322.748,326.124,1057.388,0,0
Orientation,Horizontal,8,20.95683908,116.745364,0.00159975,0.04967074,0.997572,0.998664,17.817129,-0.002,102.3154,0,270.013,322.693,326.014,1057.357,0,0
Edge frame?,Yes,9,20.95609322,111.106422,0.00157641,0.04753953,0.99719,0.998517,17.817129,-0.0012,102.3164,0,270.027,322.665,326.046,1057.348,0,0
Grid?,No,10,20.95247585,109.325426,0.00148155,0.0464229,0.997285,0.998457,17.817129,0.0012,102.3161,0,270.012,322.691,326.082,1057.357,0,0
Non-scrubbed?,Yes,11,20.94929651,107.85662,0.00138583,0.04626057,0.997365,0.998294,17.817129,-0.0013,102.3184,0,270.026,322.715,326.08,1057.299,0,0
Substrate used? {Y/N},No,12,20.95045231,108.050019,0.00132569,0.04729648,0.996919,0.998217,17.817129,-0.0026,102.3171,0,270.028,322.721,326.068,1057.27,0,0
Substrate,none,13,20.95359672,110.660606,0.00144688,0.04986516,0.996826,0.998051,17.817129,0.0022,102.3191,0,270.011,322.713,326.046,1057.259,0,0
Additional specimen preparation details,,14,20.95499421,113.948106,0.00153668,0.04952255,0.996885,0.997995,17.817129,-0.0021,102.319,0,270.012,322.693,326.04,1057.249,0,0
,,15,20.95358864,110.344449,0.0012823,0.04732635,0.99703,0.997948,17.817129,-0.0001,102.3175,0,270.006,322.69,326.082,1057.239,0,0
Specimen,,16,20.94803096,113.306397,0.0009705,0.0462609,0.996587,0.997868,17.817129,-0.0023,102.3184,0,269.996,322.696,326.029,1057.222,0,0
Sample description,PVC-1,17,20.94547155,107.374221,0.00082628,0.04659101,0.997325,0.997702,17.817129,-0.0007,102.3167,0,269.994,322.68,325.959,1057.233,0,0
Material name/ID,PVC,18,20.94882164,110.178505,0.00084691,0.04880517,0.998034,0.997493,17.817129,0.0033,102.3164,0,270.012,322.647,325.917,1057.25,0,0
Specimen number,,19,20.95209221,107.208724,0.00102673,0.05012382,0.996422,0.997437,17.817129,0,102.3168,0,270.009,322.62,325.965,1057.248,0,0
E (MJ/kg),13.1,20,20.952991,108.704836,0.00113522,0.0487207,0.99771,0.997275,17.817129,0.0002,102.3171,0,269.997,322.652,326.015,1055.399,0,0
Initial mass (g),18.31,21,20.95125637,109.858637,0.00099503,0.04738702,0.996,0.997098,17.817129,0.0017,102.3143,0,269.986,322.679,326.024,1052.823,0,0
Thickness (mm),1.5,22,20.94677861,111.529486,0.00073255,0.0463688,0.997147,0.996982,17.817129,0.0007,102.3148,0,270,322.672,326.004,1056.181,0,0
Surface area (cm²),88.4,23,20.94591766,109.230968,0.00067777,0.04713368,0.996062,0.99678,17.817129,0.0029,102.3165,0,270.006,322.669,326.042,1057.257,0,0
Sponsor,,24,20.94953612,110.834822,0.00081644,0.04924426,0.99547,0.996585,17.817129,0.0028,102.3171,0,270,322.689,326.098,1057.283,0,0
Manufacturer,,25,20.95100119,114.362242,0.00113346,0.04986614,0.995409,0.996512,17.817129,-0.0001,102.3169,0,269.998,322.722,326.1,1057.268,0,0
Test start time (s),96,26,20.95102383,111.756058,0.00122229,0.04854052,0.995357,0.996412,17.817129,-0.0021,102.3155,0,269.982,322.708,326.052,1057.253,0,0
Time to ignition (s),19,27,20.95004443,111.899477,0.00109885,0.04685781,0.995138,0.996173,17.817129,0.0004,102.3147,0,269.996,322.679,326.03,1057.275,0,0
Time to flameout (s),158,28,20.94608347,111.871344,0.00099752,0.04627338,0.99518,0.995913,17.817129,0.0028,102.315,0,269.98,322.639,326.035,1057.292,0,0
End of test criterion,ISO 5660-1:2002,29,20.94656389,107.488163,0.0010354,0.04735131,0.994537,0.995678,17.817129,0.0024,102.3139,0,269.964,322.655,326.037,1057.277,0,0
User EOT time (s),,30,20.95025987,115.761219,0.00121383,0.04913093,0.994651,0.99546,17.817129,0.0006,102.313,0,269.969,322.662,326.027,1057.295,0,0
MLR EOT mass (g/m²),150,31,20.95427247,110.845206,0.00153776,0.0497048,0.995604,0.995222,17.817129,0.0007,102.3152,0,269.979,322.66,326.047,1057.311,0,0
MLR EOT time period (s),60,32,20.95473164,111.304221,0.00159803,0.0482764,0.995217,0.995058,17.817129,0.0006,102.3148,0,269.971,322.699,326.113,1057.309,0,0
Truncate graphs at EOT?,No,33,20.95184371,111.727402,0.00138001,0.04660147,0.994347,0.994858,17.817129,0.0001,102.3158,0,269.984,322.712,326.151,1057.302,0,0
Smooth data?,No,34,20.94756619,108.050856,0.00123348,0.0462865,0.993564,0.994677,17.817129,-0.0002,102.3154,0,269.98,322.726,326.185,1057.303,0,0
Correct O2 for pressure?,No,35,20.94912733,112.070015,0.00120836,0.04766645,0.994342,0.994438,17.817129,-0.0005,102.316,0,269.972,322.736,326.213,1057.322,0,0
,,36,20.95289726,110.453312,0.0012989,0.04927491,0.993302,0.994237,17.817129,0.001,102.3157,0,269.969,322.748,326.17,1057.302,0,0
Specifications: apparatus,,37,20.95490133,110.576436,0.00162947,0.04933347,0.992717,0.994005,17.817129,0.0015,102.3153,0,269.96,322.713,326.107,1057.257,0,0
C-factor (SI units),0.044705,38,20.95449585,110.537837,0.00170703,0.04790103,0.992859,0.993807,17.817129,-0.0007,102.3167,0,269.974,322.694,326.064,1057.226,0,0
OD correction factor,0.97963,39,20.95252241,111.351861,0.00148657,0.04645143,0.992428,0.993621,17.817129,0.0002,102.3143,0,269.965,322.668,326.061,1057.171,0,0
Duct diameter (m),0.114,40,20.94923118,111.86191,0.00137241,0.04635648,0.991618,0.993378,17.817129,0.0017,102.3143,0,269.969,322.675,326.072,1057.18,0,0
O2 delay time (s),0,41,20.95167331,110.858695,0.00136925,0.04744439,0.991826,0.993177,17.817129,0.0017,102.3145,0,269.955,322.648,326.002,1057.161,0,0
CO2 delay time (s),0,42,20.95539659,111.610301,0.00152816,0.04992189,0.992099,0.992889,17.817129,0.0007,102.3156,0,269.967,322.612,325.878,1057.139,0,0
CO delay time (s),0,43,20.95702323,113.311859,0.00165527,0.04943212,0.992023,0.992664,17.817129,-0.0021,102.3158,0,269.953,322.555,325.827,1059.793,0,0
,,44,20.95457883,114.02912,0.00151706,0.04748836,0.991322,0.992453,17.817129,0.0009,102.3148,0,269.95,322.517,325.736,1057.786,0,0
Laboratory,,45,20.95059058,114.946044,0.00134312,0.04640001,0.991132,0.992283,17.817129,0.0023,102.3156,0,269.954,322.459,325.651,1057.048,0,0
Laboratory name,FTT Cone - NIST,46,20.94750578,109.861433,0.00115895,0.04647391,0.991299,0.992125,17.817129,-0.0002,102.3153,0,269.955,322.422,325.686,1057.033,0,0
Operator,Shields,47,20.95041839,109.757182,0.00110641,0.04819375,0.990562,0.99198,17.817129,0,102.3147,0,269.963,322.454,325.742,1056.995,0,0
Filename,C:\CC5\DATA\19050004.CSV,48,20.95383062,110.856604,0.00122843,0.05010135,0.990781,0.99178,17.817129,-0.0017,102.314,0,269.975,322.48,325.764,1056.955,0,0
Report name,,49,20.95500424,113.646745,0.00136092,0.04879398,0.991166,0.991587,17.817129,0.0014,102.3152,0,269.975,322.502,325.782,1056.917,0,0
,,50,20.95353191,114.895058,0.00121837,0.04708651,0.990423,0.991345,17.817129,0.0022,102.3168,0,269.969,322.499,325.856,1056.881,0,0
,,51,20.94922275,110.809093,0.00104886,0.04628617,0.990668,0.991098,17.817129,0.001,102.3177,0,269.968,322.552,325.971,1056.856,0,0
Pre-test conditions,,52,20.94755847,108.49429,0.00097418,0.04684878,0.989782,0.990855,17.817129,0.0001,102.3157,0,269.976,322.627,326.058,1059.581,0,0
Ambient temperature (°C),20.9,53,20.95236397,110.330268,0.00108778,0.04866331,0.991592,0.99069,17.817129,0.0019,102.3175,0,269.98,322.651,326.073,1057.685,0,0
Barometric pressure (Pa),102314,54,20.95607233,111.002994,0.00133253,0.05012049,0.990309,0.990491,17.817129,0.0014,102.3171,0,269.997,322.638,326.019,1058.977,0,0
Relative humidity (%),50.3,55,20.95690802,109.751364,0.00143813,0.04864384,0.988594,0.990299,17.817129,-0.0004,102.3171,0,270.003,322.594,325.98,1059.008,0,0
,,56,20.95494893,112.572211,0.00121625,0.04689667,0.989921,0.990112,17.817129,-0.0004,102.3161,0,269.996,322.588,325.93,1057.493,0,0
,,57,20.95038913,111.054856,0.00102265,0.04627079,0.988585,0.989926,17.817129,-0.0011,102.3166,0,269.994,322.569,325.91,1057.095,0,0
Conditioning,,58,20.95006673,109.094792,0.00091118,0.04704995,0.989353,0.989604,17.817129,0.0021,102.3168,0,270,322.584,325.937,1057.11,0,0
Conditioned? {Y/N},No,59,20.95368655,106.191897,0.0009077,0.04892225,0.989513,0.989258,17.817129,-0.0024,102.3168,0,269.988,322.579,325.935,1057.146,0,0
Conditioning temperature (°C),N/A,60,20.95646478,111.438385,0.00104981,0.05024039,0.987365,0.98905,17.817129,0.0005,102.3158,0,270.002,322.556,325.867,1057.175,0,0
Conditioning RH (%),N/A,61,20.95687531,115.0832,0.00118896,0.04858335,0.98773,0.988765,17.817129,0.0029,102.3147,0,270.013,322.513,325.795,1057.15,0,0
,,62,20.95444203,111.114999,0.00106935,0.04678525,0.988221,0.988527,17.817129,0.0017,102.3158,0,270.014,322.491,325.813,1057.17,0,0
Data collected,,63,20.94994039,105.852229,0.00098529,0.04628852,0.987832,0.988189,17.817129,0.0012,102.3138,0,270.012,322.51,325.849,1057.175,0,0
CO/CO2 data collected?,Yes,64,20.95058633,109.335634,0.00103921,0.04706028,0.987544,0.987863,17.817129,0.0015,102.3161,0,270.024,322.524,325.871,1057.202,0,0
Mass data collected?,Yes,65,20.95430711,105.452088,0.00124767,0.04946632,0.984569,0.98748,17.817129,0.0016,102.3173,0,270.006,322.543,325.865,1057.178,0,0
Smoke data collected?,Yes,66,20.95506323,110.483925,0.00151782,0.05012595,0.986355,0.987248,17.817129,0.001,102.3162,0,270.035,322.54,325.838,1057.186,0,0
Soot mass data collected?,No,67,20.95457275,113.24214,0.00158914,0.04787978,0.985469,0.986893,17.817129,0.0014,102.3169,0,270.036,322.501,325.758,1057.167,0,0
Soot mass ratio (1:x),N/A,68,20.95177665,114.097856,0.00144198,0.0465,0.984627,0.986661,17.817129,0.0025,102.3166,0,270.052,322.446,325.646,1057.146,0,0
Soot mass (g),N/A,69,20.94758718,114.923825,0.00131625,0.04685039,0.985292,0.986396,17.817129,0.0031,102.3168,0,270.057,322.394,325.548,1057.117,0,0
,,70,20.94919252,110.828774,0.00135709,0.04820307,0.984696,0.98603,17.817129,-0.0004,102.3163,0,270.047,322.358,325.534,1057.095,0,0
Comments,,71,20.95296991,108.943449,0.00163497,0.05059583,0.986233,0.985757,17.817129,0.0029,102.3162,0,270.046,322.364,325.593,1057.091,0,0
Pre-test comments,,72,20.95494525,113.034964,0.00195102,0.0504732,0.984207,0.985457,17.817129,-0.0005,102.3149,0,270.073,322.432,325.684,1057.128,0,0
After-test comments,,73,20.95441723,109.607803,0.00197505,0.04850661,0.984019,0.985153,17.817129,-0.0016,102.3161,0,270.072,322.477,325.747,1057.141,0,0
,,74,20.95097563,111.884239,0.00176666,0.04718944,0.983476,0.984886,17.817129,-0.0019,102.317,0,270.07,322.487,325.745,1057.192,0,0
,,75,20.94747472,107.896798,0.00161942,0.04709521,0.982253,0.984527,17.817129,-0.0014,102.3182,0,270.096,322.448,325.697,1057.218,0,0
,,76,20.94993425,110.338171,0.00155918,0.04860625,0.982073,0.984242,17.817129,0.0032,102.3159,0,270.082,322.405,325.609,1057.254,0,0
,,77,20.95347727,112.854627,0.00163165,0.05068277,0.981248,0.983984,17.817129,0.0044,102.3152,0,270.079,322.345,325.419,1057.346,0,0
,,78,20.95505822,114.056667,0.00182867,0.05018476,0.98259,0.983828,17.817129,0.0016,102.3152,0,270.098,322.251,325.258,1057.406,0,0
,,79,20.95393614,110.727289,0.00173115,0.0481847,0.983492,0.983631,17.817129,0.0031,102.3165,0,270.093,322.178,325.23,1057.439,0,0
,,80,20.94995464,109.519208,0.00149809,0.04712401,0.983415,0.983394,17.817129,0.001,102.3142,0,270.103,322.151,325.206,1057.481,0,0
,,81,20.94856034,109.175415,0.00136971,0.04743198,0.982035,0.983071,17.817129,-0.0005,102.3167,0,270.094,322.158,325.254,1057.525,0,0
,,82,20.95241311,110.615759,0.00139479,0.04895485,0.981598,0.982739,17.817129,-0.0007,102.3167,0,270.103,322.196,325.299,1057.547,0,0
,,83,20.95591157,110.236578,0.00157436,0.05090705,0.980591,0.982432,17.817129,0.0025,102.3165,0,270.12,322.185,325.234,1057.563,0,0
,,84,20.95704996,112.301323,0.00181883,0.04990222,0.980609,0.982188,17.817129,-0.0015,102.3162,0,270.118,322.132,325.109,1057.559,0,0
Events,,85,20.9554262,111.985001,0.00170449,0.04800798,0.979395,0.981959,17.817129,-0.0012,102.3167,0,270.117,322.074,325.011,1057.529,0,0
Number of events,1,86,20.95113616,113.979579,0.00151715,0.04707408,0.980219,0.981696,17.817129,-0.0014,102.3166,0,270.138,322.025,324.965,1057.504,0,0
9,0,87,20.94948734,111.364339,0.00138051,0.04759346,0.980517,0.981379,17.817129,0.0012,102.3168,0,270.137,322.009,325.008,1057.471,0,0
,,88,20.95311422,112.912038,0.00142699,0.04962138,0.979614,0.981208,17.817129,-0.0009,102.3173,0,270.144,322.036,325.021,1057.61,0,0
,,89,20.95625033,111.058919,0.00163587,0.05039878,0.9807,0.98109,17.817129,0.0012,102.3149,0,270.156,322.034,324.978,1057.871,0,0
,,90,20.95690206,113.896634,0.00169405,0.04880356,0.979363,0.98093,17.817129,0.0017,102.3139,0,270.157,321.991,324.93,1058.192,0,0
,,91,20.95487551,111.880506,0.00147117,0.04705118,0.980635,0.980726,17.817129,0.0013,102.3149,0,270.154,321.972,324.965,1058.514,0,0
,,92,20.95026196,109.861589,0.0012117,0.04624773,0.980229,0.980499,17.817129,0.0023,102.3162,0,270.163,321.993,324.997,1058.85,0,0
,,93,20.95017971,110.945995,0.00106782,0.04682889,0.97807,0.980371,17.817129,0.0022,102.3152,0,270.176,321.984,324.992,1059.159,0,0
,,94,20.95406968,110.777337,0.00106314,0.04884121,0.978083,0.980169,17.817129,0.0033,102.3146,0,270.195,321.967,324.982,1059.477,0,0
,,95,20.95618263,111.546201,0.00132149,0.04972828,0.978258,0.979963,17.817129,0.0019,102.3153,0,270.178,321.969,324.95,1059.791,0,0
,,96,20.95513717,112.497647,0.00137192,0.04846197,0.979447,0.979909,17.817129,0.0014,102.3158,0,270.183,321.953,324.921,1060.097,0,0
,,97,20.95224794,114.14186,0.0012311,0.0467758,0.9788,0.979759,18.133249,0.002,102.3161,0,270.18,321.938,324.907,1060.325,0,0
,,98,20.94780931,109.520124,0.00118577,0.04625616,0.977402,0.97955,18.295665,0.001,102.3154,0,270.192,321.926,324.909,1060.355,0,0
,,99,20.94913689,112.964982,0.00126645,0.04694973,0.977256,0.97929,18.080758,0.001,102.3178,0,270.214,321.908,324.85,1062.983,0,0
,,100,20.95268784,114.166823,0.00147622,0.05027531,0.976889,0.979222,18.01803,-0.0016,102.3149,0,270.217,321.889,324.826,1060.983,0,0
,,101,20.95344692,111.827779,0.00173179,0.05055251,0.978496,0.979004,18.175291,-0.0006,102.3165,0,270.203,321.875,324.822,1060.128,0,0
,,102,20.95277022,109.130942,0.00165798,0.04870863,0.978765,0.978732,18.139189,0.0015,102.3174,0,270.226,321.864,324.838,1059.961,0,0
,,103,20.94929258,113.081029,0.00137957,0.04750429,0.980531,0.978507,18.039927,0,102.3183,0,270.233,321.864,324.885,1059.757,0,0
,,104,20.94556276,106.405758,0.00111799,0.04716571,0.977749,0.978303,18.329134,0,102.3177,0,270.228,321.902,324.924,1059.551,0,0
,,105,20.94786683,112.78467,0.00107116,0.04887365,0.977464,0.978203,18.495038,0.0008,102.3167,0,270.229,321.911,324.902,1059.355,0,0
,,106,20.9529843,111.65294,0.00117971,0.05080687,0.977114,0.978041,18.358227,-0.002,102.3173,0,270.217,321.887,324.892,1059.136,0,0
,,107,20.95507165,110.290373,0.00136252,0.0504576,0.978349,0.9779,18.238441,-0.0002,102.318,0,270.225,321.902,324.945,1058.953,0,0
,,108,20.95411625,114.531197,0.00132698,0.04842201,0.976003,0.977714,18.139276,-0.0007,102.3171,0,270.238,321.931,325.032,1058.803,0,0
,,109,20.95086289,111.218742,0.00115731,0.04727243,0.974141,0.97757,18.196861,0.0001,102.3189,0,270.228,321.992,325.129,1058.65,0,0
,,110,20.94910587,110.345637,0.00099947,0.04716161,0.971674,0.977521,18.217652,-0.0002,102.3169,0,270.256,322.029,325.202,1058.488,0,0
,,111,20.95180727,109.063943,0.00100961,0.04824095,0.966383,0.977402,18.212374,0.0029,102.3159,0,270.249,322.066,325.233,1058.355,0,0
,,112,20.95411808,114.55639,0.00119853,0.05072532,0.959004,0.977247,18.216143,0.0007,102.3151,0,270.251,322.064,325.236,1058.218,0,0
,,113,20.9550981,112.752999,0.00136786,0.05024856,0.916236,0.977191,18.217704,-0.0004,102.3143,0,270.267,322.078,325.284,1058.116,0,0
,,114,20.95378488,107.2662,0.00121853,0.04832118,0.865255,0.977106,18.204088,0.0001,102.3168,0,270.267,322.121,325.395,1058.042,0,0
,,115,20.94955238,110.032332,0.00112265,0.04712717,0.848076,0.97704,18.29144,0.0009,102.3172,0,270.274,322.184,325.489,1058.021,0,0
,,116,20.94771569,106.219925,0.00107864,0.04733853,0.791058,0.977005,18.162055,0.0014,102.3154,0,270.253,322.262,325.894,1058.166,0,0
,,117,20.95096883,100.104177,0.00115154,0.04894321,0.550138,0.976965,16.460998,0.0018,102.3164,0,270.266,322.661,326.919,1058.54,0,0
,,118,20.95414533,98.452716,0.00141759,0.05026279,0.396371,0.976945,16.649065,-0.0024,102.316,0,270.284,323.343,328.247,1058.835,0,0
,,119,20.9550866,97.379763,0.00166554,0.04910835,0.335759,0.976863,16.896433,-0.0014,102.3156,0,270.276,324.109,329.655,1058.951,0,0
,,120,20.95325198,97.084994,0.00159475,0.04766137,0.318119,0.976909,17.075071,0.0013,102.3163,0,270.283,324.939,331.164,1059.243,0,0
,,121,20.94877245,98.249951,0.00149159,0.04702587,0.312768,0.976837,17.116743,-0.0001,102.3165,0,270.291,325.757,332.519,1059.788,0,0
,,122,20.94800542,98.237405,0.00149208,0.04733439,0.343371,0.976768,16.959098,0.0014,102.3162,0,270.311,326.48,333.696,1060.252,0,0
,,123,20.95161151,99.53497,0.00171836,0.04977532,0.453942,0.976655,16.917334,0.0035,102.3177,0,270.298,327.124,334.689,1060.599,0,0
,,124,20.95448684,97.861995,0.002597,0.0536291,0.513095,0.976649,16.838947,0.0039,102.3181,0,270.298,327.703,335.567,1060.728,0,0
,,125,20.95364517,102.369484,0.00454507,0.05811851,0.537,0.976576,16.500779,0.0007,102.3155,0,270.311,328.2,336.343,1060.581,0,0
,,126,20.93801986,96.63614,0.00851127,0.06853848,0.578469,0.976465,15.94084,-0.0005,102.3156,0,270.288,328.634,337.179,1061.44,0,0
,,127,20.90368844,100.361887,0.01493288,0.08488605,0.573596,0.976407,15.577379,-0.0001,102.3174,0,270.298,329.128,337.928,1061.395,0,0
,,128,20.82997697,100.136213,0.02353563,0.10757881,0.556514,0.976352,15.593194,-0.0012,102.3183,0,270.318,329.582,338.658,1061.614,0,0
,,129,20.72923346,102.540785,0.03349206,0.13423958,0.547999,0.976273,15.457098,0.0023,102.3177,0,270.314,330.014,339.258,1060.773,0,0
,,130,20.62225332,101.37226,0.0439875,0.15916667,0.496909,0.976266,15.334632,0.0036,102.3146,0,270.32,330.359,339.806,1060.397,0,0
,,131,20.5348418,97.602296,0.05321006,0.18014675,0.582976,0.97628,15.15594,0.0017,102.3157,0,270.317,330.708,340.388,1060.217,0,0
,,132,20.47275078,95.294133,0.06036599,0.19802081,0.53222,0.976227,14.87812,0.0026,102.3167,0,270.324,331.082,340.979,1059.996,0,0
,,133,20.42966401,98.008099,0.06585156,0.21413696,0.529165,0.976166,14.341776,0.0035,102.3179,0,270.329,331.439,341.541,1059.845,0,0
,,134,20.41154735,100.964876,0.07015552,0.22999494,0.60901,0.976132,14.37352,0.0006,102.3181,0,270.324,331.763,342.023,1059.755,0,0
,,135,20.40812862,99.952669,0.0733173,0.24663133,0.485541,0.976159,14.177906,0.0006,102.3168,0,270.331,332.063,342.404,1059.831,0,0
,,136,20.41001326,102.22453,0.07528053,0.25904059,0.398294,0.976101,14.112465,0.0007,102.3173,0,270.333,332.289,342.659,1059.929,0,0
,,137,20.41117503,102.221985,0.07578617,0.26790177,0.365246,0.976026,14.036053,0.0025,102.3175,0,270.327,332.447,342.844,1062.694,0,0
,,138,20.41110551,103.851144,0.0751773,0.27522606,0.359652,0.976022,13.93671,-0.0002,102.3188,0,270.324,332.603,343.058,1060.771,0,0
,,139,20.41072807,101.975347,0.07412481,0.28280161,0.36309,0.975969,13.33886,-0.0019,102.3176,0,270.329,332.77,343.287,1060.205,0,0
,,140,20.41912523,102.690826,0.07253663,0.29076699,0.447859,0.97592,13.368077,0.0011,102.3169,0,270.314,332.948,343.455,1060.376,0,0
,,141,20.43236192,105.874299,0.07055113,0.29884007,0.417945,0.975888,13.180048,-0.0006,102.315,0,270.32,333.036,343.592,1060.398,0,0
,,142,20.44425123,101.548449,0.06837406,0.30305056,0.448174,0.975927,13.116981,0.0001,102.3148,0,270.333,333.162,343.819,1060.35,0,0
,,143,20.45094807,103.084506,0.06602761,0.30400348,0.41905,0.975917,13.038952,0.0009,102.3154,0,270.334,333.352,344.042,1060.325,0,0
,,144,20.45798802,103.699057,0.0635978,0.30454557,0.455736,0.975866,12.938719,-0.0019,102.3142,0,270.349,333.498,344.229,1060.299,0,0
,,145,20.46717352,103.011018,0.06139058,0.30529133,0.443983,0.975831,12.283725,0.0003,102.3139,0,270.34,333.643,344.416,1060.295,0,0
,,146,20.48389035,98.286723,0.0598366,0.30565089,0.499299,0.975859,12.353621,0.0008,102.3136,0,270.334,333.781,344.589,1061.633,0,0
,,147,20.50369419,102.573091,0.05883564,0.30684236,0.50344,0.975811,12.338202,0.0017,102.3156,0,270.349,333.935,344.751,1060.535,0,0
,,148,20.5214615,103.026612,0.05804641,0.3047231,0.490232,0.975808,12.236165,0.0009,102.3151,0,270.335,334.068,344.892,1060.094,0,0
,,149,20.53282347,104.866239,0.05723614,0.30082798,0.520927,0.975799,12.135883,0.0027,102.3125,0,270.324,334.192,345.028,1060.094,0,0
,,150,20.53735939,100.693718,0.05665685,0.29838348,0.521257,0.975785,11.957658,0.0001,102.314,0,270.341,334.303,345.104,1060.318,0,0
,,151,20.54250152,102.174027,0.05638523,0.29779498,0.522526,0.975793,11.598978,0.0031,102.3145,0,270.33,334.353,345.111,1060.431,0,0
,,152,20.55076622,101.348589,0.05640667,0.29878648,0.523478,0.97583,11.514592,0.002,102.3163,0,270.332,334.372,345.093,1060.431,0,0
,,153,20.55715982,104.394148,0.05673292,0.30038322,0.524308,0.975828,11.435699,0.002,102.315,0,270.333,334.415,345.086,1060.448,0,0
,,154,20.55864724,106.674889,0.05685531,0.29949088,0.552626,0.975848,11.336604,0.0022,102.3143,0,270.335,334.421,345.102,1060.375,0,0
,,155,20.55812001,106.798121,0.0564817,0.29713963,0.512733,0.975876,11.315865,0.0004,102.315,0,270.336,334.5,345.165,1060.323,0,0
,,156,20.55373315,102.598619,0.05592642,0.296188,0.491028,0.975905,11.157549,0.0023,102.3167,0,270.328,334.568,345.239,1060.396,0,0
,,157,20.5534723,103.055626,0.05519316,0.29612959,0.464031,0.9759,11.036612,0.0012,102.3187,0,270.329,334.633,345.283,1060.588,0,0
,,158,20.55999774,100.303485,0.05446028,0.29834539,0.468995,0.975953,10.934995,-0.0005,102.3178,0,270.332,334.692,345.34,1060.541,0,0
,,159,20.56552393,99.539767,0.05398028,0.29898261,0.451877,0.975991,10.598524,-0.0017,102.319,0,270.317,334.756,345.418,1060.433,0,0
,,160,20.56850286,102.018648,0.05318017,0.29649645,0.527833,0.976008,10.43618,0.0017,102.3166,0,270.331,334.85,345.503,1060.338,0,0
,,161,20.57100623,102.772744,0.05219092,0.29329299,0.534732,0.976079,10.415193,0.0023,102.3171,0,270.331,334.914,345.571,1060.253,0,0
,,162,20.57233859,104.228341,0.05145118,0.29147826,0.496704,0.976153,10.256003,0.0022,102.3162,0,270.34,335,345.621,1060.046,0,0
,,163,20.57772762,101.411164,0.05116694,0.2912659,0.559718,0.97618,10.134904,-0.0016,102.3161,0,270.327,335.055,345.618,1059.86,0,0
,,164,20.58445054,102.083557,0.05119744,0.2930517,0.556955,0.976228,10.029537,-0.0007,102.3169,0,270.323,335.094,345.613,1059.801,0,0
,,165,20.58917818,104.710841,0.05141698,0.29271686,0.570086,0.976263,9.934347,0.003,102.3172,0,270.317,335.124,345.655,1059.843,0,0
,,166,20.589827,102.808209,0.05110175,0.29093603,0.571395,0.976314,9.201987,0.0024,102.3166,0,270.306,335.18,345.656,1059.692,0,0
,,167,20.58781102,103.688371,0.05043246,0.28943135,0.529069,0.97636,9.457383,0.003,102.317,0,270.313,335.193,345.626,1059.535,0,0
,,168,20.585365,105.876014,0.04968725,0.28918098,0.556899,0.976392,9.447497,-0.0001,102.3172,0,270.308,335.236,345.613,1059.419,0,0
,,169,20.58617541,106.785364,0.04904784,0.29104354,0.556888,0.976477,9.334858,0,102.3164,0,270.301,335.245,345.575,1059.305,0,0
,,170,20.58968958,105.752814,0.04859262,0.29296084,0.517341,0.976509,9.314003,0.0039,102.3182,0,270.31,335.283,345.572,1059.115,0,0
,,171,20.59185276,106.596146,0.04819144,0.29235512,0.511533,0.976512,9.235254,0.002,102.3157,0,270.295,335.27,345.512,1058.983,0,0
,,172,20.59114054,105.680174,0.04758339,0.28993023,0.592146,0.976456,9.135157,0.0019,102.3154,0,270.292,335.261,345.436,1058.931,0,0
,,173,20.58841395,108.448749,0.04680907,0.28805987,0.57162,0.976384,9.11402,-0.0017,102.316,0,270.293,335.228,345.332,1058.798,0,0
,,174,20.58836823,107.067034,0.04620016,0.28714563,0.604817,0.976324,8.955453,-0.0026,102.3167,0,270.277,335.206,345.27,1058.651,0,0
,,175,20.59482489,106.105549,0.04582998,0.2883801,0.568762,0.976323,8.834085,-0.0002,102.3166,0,270.281,335.173,345.169,1061.273,0,0
,,176,20.6013284,102.208944,0.04555885,0.28898176,0.616343,0.976417,8.734267,0.0004,102.3173,0,270.275,335.152,345.113,1059.207,0,0
,,177,20.60775841,105.486204,0.04536315,0.28659557,0.625431,0.976361,8.634324,0.0003,102.3177,0,270.271,335.121,344.997,1058.435,0,0
,,178,20.61289267,107.482755,0.04483345,0.28257699,0.621933,0.976352,8.534316,0.0004,102.3178,0,270.28,335.062,344.863,1058.383,0,0
,,179,20.61472756,105.621806,0.04427549,0.27968692,0.583964,0.976332,8.432596,0.0014,102.3191,0,270.262,335.013,344.723,1058.216,0,0
,,180,20.61857168,105.287578,0.04375296,0.27804266,0.564544,0.976326,8.332226,0.0006,102.3169,0,270.249,334.961,344.604,1058.076,0,0
,,181,20.62660691,105.591214,0.04332486,0.27792789,0.546526,0.97636,8.232398,0.0005,102.3175,0,270.247,334.935,344.565,1057.989,0,0
,,182,20.63567431,105.239174,0.04302833,0.27722483,0.55017,0.976392,8.132089,0.0007,102.3178,0,270.26,334.941,344.57,1057.998,0,0
,,183,20.64411108,103.73473,0.04266566,0.27291898,0.571886,0.976398,8.110778,0.0018,102.3165,0,270.242,334.959,344.594,1057.972,0,0
,,184,20.64857709,102.163735,0.04207916,0.26864094,0.591755,0.976432,7.478978,0.0042,102.3172,0,270.237,334.991,344.578,1060.53,0,0
,,185,20.6487908,106.201692,0.04159396,0.26558797,0.598259,0.976385,7.623112,-0.0002,102.3167,0,270.239,335.022,344.625,1058.474,0,0
,,186,20.65251892,106.507487,0.04132012,0.26366892,0.624937,0.976313,7.631471,-0.0031,102.3149,0,270.251,335.064,344.682,1057.575,0,0
,,187,20.66051844,105.86987,0.04132464,0.26391349,0.63269,0.976331,7.531472,0.0011,102.3174,0,270.241,335.094,344.643,1057.408,0,0
,,188,20.6666516,107.038526,0.04154489,0.26341124,0.599629,0.976318,7.510636,0.0013,102.3171,0,270.205,335.091,344.61,1057.217,0,0
,,189,20.66935587,106.307474,0.0414725,0.25978576,0.597417,0.976334,7.431027,-0.0001,102.3176,0,270.234,335.074,344.558,1057.065,0,0
,,190,20.66870233,107.414979,0.04115478,0.25702932,0.614063,0.976352,7.40978,0.0019,102.3173,0,270.228,335.068,344.49,1056.977,0,0
,,191,20.66449912,106.302239,0.04061658,0.25556145,0.643594,0.976321,7.41028,-0.0005,102.3174,0,270.198,335.039,344.403,1056.959,0,0
,,192,20.66368961,103.939528,0.04006266,0.25482049,0.615978,0.976267,7.327386,-0.0004,102.3172,0,270.188,335.034,344.344,1056.895,0,0
,,193,20.66676952,103.944992,0.03948586,0.25658428,0.632039,0.976221,7.231121,0.0024,102.3169,0,270.206,335.011,344.306,1056.85,0,0
,,194,20.66797451,103.899653,0.03877614,0.25682793,0.611139,0.976189,7.13027,0.0021,102.3179,0,270.203,335.011,344.241,1056.805,0,0
,,195,20.66842647,102.799146,0.03773077,0.25328762,0.655004,0.976183,7.108861,-0.0027,102.3158,0,270.193,335.011,344.196,1056.788,0,0
,,196,20.66716701,103.446345,0.03652449,0.25088813,0.636056,0.976104,7.108685,-0.0008,102.3178,0,270.196,334.99,344.123,1056.801,0,0
,,197,20.66465142,105.580144,0.03526565,0.24927806,0.653531,0.976071,6.951299,0.0042,102.319,0,270.184,334.955,344.039,1052.642,0,0
,,198,20.66755688,104.824247,0.03421925,0.24882483,0.653999,0.976023,6.909353,0.0033,102.3173,0,270.171,334.917,343.959,1051.481,0,0
,,199,20.67311029,106.119046,0.03327048,0.25031885,0.695276,0.975943,6.830251,0.0033,102.3171,0,270.157,334.9,343.845,1051.166,0,0
,,200,20.67833705,105.627555,0.03226324,0.24932627,0.672762,0.975925,6.809295,0.0023,102.3161,0,270.16,334.831,343.716,1055.284,0,0
,,201,20.6815269,103.860606,0.03104686,0.24554727,0.711793,0.975812,6.729869,0.0029,102.3166,0,270.159,334.767,343.597,1056.324,0,0
,,202,20.6817186,103.932515,0.02972781,0.24253016,0.713909,0.975771,6.630025,0.0005,102.3184,0,270.163,334.717,343.48,1056.208,0,0
,,203,20.68205042,104.362117,0.02859619,0.24095857,0.738713,0.975779,6.609067,-0.0014,102.3193,0,270.146,334.67,343.37,1056.11,0,0
,,204,20.68808755,107.628232,0.02767776,0.24089729,0.748976,0.975782,6.528277,-0.0019,102.3182,0,270.151,334.615,343.236,1056.08,0,0
,,205,20.69413076,111.465712,0.02716858,0.24188858,0.720595,0.97586,6.506988,0.0024,102.3176,0,270.17,334.554,343.119,1056.079,0,0
,,206,20.69953289,105.519194,0.02660021,0.2393718,0.700185,0.975837,6.427625,0.0027,102.3183,0,270.146,334.497,343.004,1056.045,0,0
,,207,20.70252084,106.293285,0.02577566,0.23547644,0.709698,0.975825,6.406119,-0.0018,102.3159,0,270.156,334.443,342.928,1056,0,0
,,208,20.70238521,105.215051,0.02489991,0.2324377,0.729744,0.975825,6.327578,-0.001,102.318,0,270.153,334.405,342.798,1055.968,0,0
,,209,20.70388456,103.668717,0.02402947,0.23095858,0.728224,0.975791,6.306802,0.0014,102.318,0,270.153,334.358,342.657,1055.945,0,0
,,210,20.71260766,105.803508,0.02342363,0.22986608,0.740925,0.975759,6.228007,0.003,102.3176,0,270.157,334.295,342.536,1055.917,0,0
,,211,20.72116234,104.979793,0.02288267,0.22976831,0.777049,0.975765,6.207023,0.0001,102.3175,0,270.152,334.245,342.411,1055.881,0,0
,,212,20.72837129,104.010763,0.02228838,0.22651264,0.790613,0.975768,6.127542,-0.0001,102.3183,0,270.153,334.189,342.325,1055.848,0,0
,,213,20.73160333,102.682558,0.02132254,0.22241902,0.802584,0.975734,6.106324,-0.0012,102.3169,0,270.146,334.156,342.213,1055.824,0,0
,,214,20.73109127,105.804731,0.02034847,0.21857721,0.823295,0.975713,6.106515,-0.0022,102.3196,0,270.155,334.101,342.079,1055.764,0,0
,,215,20.73487479,107.73365,0.01961155,0.21595782,0.820221,0.975733,6.027318,-0.0014,102.3181,0,270.158,334.018,341.943,1055.758,0,0
,,216,20.74431846,105.678341,0.01912202,0.21542045,0.802176,0.97575,6.00625,0.0003,102.319,0,270.142,333.94,341.792,1055.726,0,0
,,217,20.75108481,103.510027,0.01880525,0.21461654,0.812689,0.975708,5.923103,0.0004,102.3179,0,270.156,333.874,341.655,1055.689,0,0
,,218,20.75709348,103.312453,0.01848717,0.21132362,0.812649,0.975764,5.984054,0.003,102.3172,0,270.151,333.781,341.515,1055.649,0,0
,,219,20.76078488,108.581646,0.017942,0.20652745,0.841347,0.975771,5.925817,0.0039,102.319,0,270.154,333.722,341.36,1055.597,0,0
,,220,20.76070807,106.641485,0.01750114,0.2031777,0.818313,0.975802,5.854692,-0.0004,102.3166,0,270.163,333.632,341.205,1055.565,0,0
,,221,20.76527064,104.355083,0.01715538,0.20159351,0.844214,0.975811,5.890713,0.0013,102.3164,0,270.157,333.537,341.024,1055.555,0,0
,,222,20.77287367,106.161558,0.01689848,0.20015943,0.869232,0.975856,5.825727,0.0017,102.3168,0,270.163,333.438,340.851,1058.244,0,0
,,223,20.78022867,107.228308,0.01676328,0.19887493,0.86681,0.975902,5.80457,0.0012,102.3166,0,270.157,333.347,340.705,1056.288,0,0
,,224,20.78552917,105.258588,0.01636139,0.19458825,0.874025,0.975922,5.72554,-0.0016,102.3155,0,270.171,333.268,340.596,1055.57,0,0
,,225,20.78788928,106.273447,0.01584514,0.19044753,0.867792,0.976027,5.783537,-0.0004,102.3165,0,270.177,333.207,340.43,1055.546,0,0
,,226,20.78819094,109.054054,0.01531403,0.18722216,0.871591,0.976111,5.725439,-0.0019,102.3197,0,270.152,333.135,340.27,1055.538,0,0
,,227,20.79358048,108.279222,0.01490489,0.18598586,0.872055,0.976205,5.704381,0.001,102.3189,0,270.169,333.036,340.122,1055.562,0,0
,,228,20.8009684,106.818841,0.01472458,0.18528339,0.884108,0.976282,5.625802,0.0002,102.3177,0,270.169,332.949,339.95,1055.592,0,0
,,229,20.80637422,106.914737,0.01454057,0.18353258,0.905052,0.976433,5.604791,-0.0013,102.3183,0,270.176,332.881,339.793,1055.621,0,0
,,230,20.80934553,102.983741,0.01417682,0.17946574,0.880736,0.976503,5.605007,0.0005,102.3169,0,270.176,332.785,339.648,1051.241,0,0
,,231,20.80954888,103.131863,0.01372249,0.175778,0.906167,0.976614,5.605011,0.0005,102.3165,0,270.175,332.718,339.476,1053.215,0,0
,,232,20.80814232,106.253733,0.01328042,0.17347467,0.926462,0.976743,5.526518,0.0004,102.3168,0,270.195,332.643,339.327,1050.928,0,0
,,233,20.81250571,111.258985,0.01299161,0.17243282,0.922223,0.976894,5.50547,0.0004,102.3163,0,270.176,332.563,339.161,1054.546,0,0
,,234,20.81838774,111.054295,0.01293525,0.17255254,0.93555,0.976984,5.505482,0.0001,102.3175,0,270.183,332.443,338.984,1055.754,0,0
,,235,20.82214821,108.147177,0.01285631,0.1705946,0.959721,0.977112,5.426275,-0.0003,102.317,0,270.185,332.364,338.835,1055.782,0,0
,,236,20.82494829,104.819795,0.0125227,0.16619401,0.958189,0.977199,5.405277,0.0005,102.3176,0,270.174,332.269,338.665,1055.819,0,0
,,237,20.82528379,105.511238,0.01210066,0.16266797,0.965828,0.977327,5.405356,-0.0005,102.3178,0,270.199,332.167,338.443,1055.811,0,0
,,238,20.82542379,106.051369,0.01175869,0.16065631,0.968478,0.977504,5.40531,0.0014,102.3181,0,270.198,332.046,338.215,1055.834,0,0
,,239,20.83068096,108.864766,0.01158268,0.16019457,0.970374,0.977622,5.405294,0.0006,102.3192,0,270.213,331.902,338.003,1055.837,0,0
,,240,20.83729681,108.202973,0.01160302,0.15989493,0.9728,0.977779,5.4843,0.0003,102.3174,0,270.212,331.798,337.808,1055.83,0,0
,,241,20.84239649,107.793036,0.01145904,0.15623459,0.973654,0.977928,5.426358,-0.0013,102.3189,0,270.224,331.684,337.566,1055.843,0,0
,,242,20.8450498,109.588335,0.01107062,0.1519648,0.973562,0.978049,5.404688,-0.0009,102.3189,0,270.226,331.554,337.363,1055.865,0,0
,,243,20.84475296,106.710827,0.01077022,0.148762,0.97568,0.97814,5.405091,-0.0003,102.3175,0,270.23,331.456,337.204,1055.887,0,0
,,244,20.84692671,110.375791,0.01060604,0.14660417,0.974283,0.978148,5.405161,0.0006,102.3187,0,270.26,331.365,337.014,1055.912,0,0
,,245,20.85535853,111.680647,0.01072677,0.14553662,0.975288,0.978292,5.401619,-0.0003,102.3173,0,270.249,331.252,336.832,1055.908,0,0
,,246,20.86338076,109.134276,0.01107417,0.14445421,0.976124,0.978387,5.404295,-0.0016,102.3184,0,270.239,331.135,336.635,1055.907,0,0
,,247,20.86936137,108.77126,0.0113637,0.14092308,0.974924,0.978527,5.326496,0.0003,102.3201,0,270.246,331.01,336.448,1055.939,0,0
,,248,20.87165175,112.32479,0.01137478,0.13662884,0.974101,0.978673,5.383821,0.0011,102.3194,0,270.256,330.913,336.28,1055.979,0,0
,,249,20.87092514,105.388518,0.01138361,0.13287269,0.976731,0.978793,5.40524,0.0016,102.3176,0,270.26,330.817,336.142,1055.984,0,0
,,250,20.87405174,106.779695,0.01151882,0.13081382,0.975098,0.978942,5.326617,0.0014,102.3187,0,270.259,330.744,336.04,1055.993,0,0
,,251,20.8808066,108.720889,0.01180556,0.13035641,0.977248,0.979088,5.305341,-0.001,102.3178,0,270.261,330.678,335.895,1055.996,0,0
,,252,20.88842411,106.759122,0.01218024,0.1290431,0.976933,0.979254,5.305262,0.0021,102.3159,0,270.283,330.579,335.747,1055.979,0,0
,,253,20.89184786,110.012015,0.01230877,0.12543798,0.975242,0.979381,5.305401,0.0032,102.3147,0,270.27,330.473,335.562,1055.998,0,0
,,254,20.89212818,110.787763,0.01215111,0.12130602,0.972498,0.979563,5.305536,0.0029,102.315,0,270.286,330.376,335.409,1056.008,0,0
,,255,20.88997585,108.552671,0.01207343,0.11852128,0.975915,0.979662,5.305623,0.0024,102.3136,0,270.283,330.273,335.264,1056.041,0,0
,,256,20.8927817,109.860281,0.01210895,0.11674218,0.976821,0.979756,5.225326,0.0022,102.3158,0,270.279,330.183,335.099,1056.045,0,0
,,257,20.89871427,111.178973,0.01231866,0.11759751,0.976053,0.979945,5.283248,0.0026,102.316,0,270.262,330.069,334.937,1056.049,0,0
,,258,20.90355791,111.360146,0.01263794,0.11622433,0.977998,0.98006,5.225723,0.0013,102.3156,0,270.274,329.989,334.82,1056.063,0,0
,,259,20.90500186,110.413727,0.01268179,0.11290253,0.978369,0.980248,5.204323,0.0013,102.3171,0,270.268,329.915,334.715,1056.089,0,0
,,260,20.90286813,105.384005,0.01253043,0.10927889,0.977402,0.980327,5.2043,0.0008,102.3154,0,270.291,329.859,334.641,1056.791,0,0
,,261,20.90038565,105.972523,0.01245613,0.10717135,0.978917,0.98047,5.204261,0.0007,102.3161,0,270.282,329.828,334.571,1056.324,0,0
,,262,20.90396269,109.729481,0.01245257,0.10733897,0.977491,0.980643,5.125179,0.002,102.3178,0,270.276,329.758,334.44,1056.181,0,0
,,263,20.90811231,111.364893,0.01249802,0.10766453,0.979117,0.980702,5.10389,0.0002,102.3176,0,270.265,329.691,334.353,1056.223,0,0
,,264,20.91151234,113.874854,0.01257106,0.10652601,0.978077,0.980832,5.103983,0.0011,102.3175,0,270.28,329.631,334.215,1056.255,0,0
,,265,20.91153813,111.379406,0.01232907,0.10347294,0.978074,0.981114,5.103976,0.002,102.3172,0,270.285,329.539,334.072,1056.286,0,0
,,266,20.90854491,109.508808,0.01188516,0.10069981,0.980597,0.98126,5.104061,-0.0009,102.3166,0,270.275,329.463,333.978,1056.318,0,0
,,267,20.90624344,108.236492,0.01152964,0.09909366,0.9799,0.981451,5.024644,0.0007,102.3173,0,270.282,329.393,333.879,1056.347,0,0
,,268,20.9103732,106.369842,0.01131234,0.09930352,0.978742,0.981597,5.082907,0.0008,102.317,0,270.277,329.328,333.752,1056.411,0,0
,,269,20.91457061,106.299879,0.01118696,0.10047064,0.978833,0.98176,5.02469,-0.0023,102.3186,0,270.303,329.279,333.666,1054.758,0,0
,,270,20.91772298,111.773647,0.01105122,0.0994119,0.980081,0.981932,5.081304,0.0007,102.3186,0,270.293,329.212,333.593,1051.634,0,0
,,271,20.91705587,109.012498,0.01069791,0.09685521,0.980415,0.982217,5.103297,0.0011,102.3185,0,270.296,329.132,333.526,1055.329,0,0
,,272,20.91297454,108.560432,0.01005368,0.09448231,0.979911,0.98234,5.103466,0.0013,102.3185,0,270.306,329.1,333.469,1056.508,0,0
,,273,20.91055788,111.551415,0.00952349,0.09362234,0.979847,0.982467,5.050743,-0.0036,102.3167,0,270.295,329.046,333.403,1056.507,0,0
,,274,20.91503585,111.644055,0.00911418,0.09489753,0.980147,0.98269,5.089287,-0.0013,102.3162,0,270.278,328.993,333.338,1056.539,0,0
,,275,20.91890994,106.984757,0.00895161,0.09571856,0.981497,0.982786,5.103798,0.0009,102.3175,0,270.28,328.957,333.272,1056.588,0,0
,,276,20.9201394,109.552519,0.00874907,0.09364743,0.980616,0.982844,5.024838,0.0027,102.3186,0,270.281,328.91,333.213,1056.599,0,0
,,277,20.91846709,110.128881,0.0083241,0.09141103,0.981693,0.982969,5.003721,-0.0006,102.3204,0,270.292,328.879,333.153,1056.662,0,0
,,278,20.91513949,109.010958,0.00790591,0.08949711,0.981193,0.983192,5.003483,-0.0011,102.3192,0,270.303,328.836,333.133,1058.663,0,0
,,279,20.91467032,110.243971,0.00765646,0.0888973,0.982455,0.983367,5.082726,-0.001,102.3183,0,270.299,328.809,333.098,1057.257,0,0
,,280,20.91831165,109.787245,0.00762562,0.09029296,0.979692,0.983468,5.024462,-0.0025,102.3202,0,270.298,328.766,333.034,1056.748,0,0
,,281,20.9212719,107.001126,0.00772385,0.09113195,0.98053,0.983644,5.08278,-0.0006,102.3205,0,270.296,328.739,332.977,1056.762,0,0
,,282,20.92335943,113.428812,0.00766984,0.08912814,0.979116,0.983856,5.02482,0.0024,102.3197,0,270.295,328.714,332.943,1056.793,0,0
,,283,20.92175951,109.334142,0.00736315,0.08693142,0.981235,0.983958,5.003771,-0.0002,102.3184,0,270.292,328.681,332.909,1056.813,0,0
,,284,20.91722839,108.41997,0.00701717,0.08548715,0.983996,0.98412,5.004012,-0.0009,102.3184,0,270.299,328.661,332.882,1056.854,0,0
,,285,20.91722989,110.182227,0.00676492,0.085387,0.983572,0.984114,5.003767,-0.0008,102.3192,0,270.291,328.622,332.845,1056.866,0,0
,,286,20.92099135,108.869997,0.00669357,0.08754318,0.982986,0.984158,5.003933,0.0008,102.3197,0,270.298,328.591,332.773,1056.869,0,0
,,287,20.92358351,108.800552,0.00679382,0.08794891,0.982036,0.984173,5.003875,0.0009,102.3193,0,270.291,328.552,332.734,1056.876,0,0
,,288,20.92376804,107.194498,0.00677148,0.08609419,0.982013,0.984207,4.925271,0,102.3176,0,270.312,328.493,332.685,1056.902,0,0
,,289,20.92114053,108.40224,0.00653341,0.08361731,0.9818,0.984216,4.904354,0,102.3185,0,270.289,328.455,332.598,1056.903,0,0
,,290,20.91666539,109.486422,0.00632439,0.08303527,0.981365,0.984182,4.90447,-0.0014,102.3183,0,270.297,328.411,332.554,1056.912,0,0
,,291,20.91784148,109.37596,0.00624576,0.08364329,0.980307,0.984219,4.904597,0.0003,102.3202,0,270.296,328.371,332.474,1056.947,0,0
,,292,20.921556,110.76948,0.00631071,0.08518153,0.982945,0.9844,4.982912,0.0021,102.3187,0,270.305,328.32,332.419,1056.974,0,0
,,293,20.92382664,108.594713,0.0065073,0.08590921,0.982328,0.9844,4.92509,0.0012,102.3181,0,270.298,328.303,332.41,1057.009,0,0
,,294,20.92360489,106.13122,0.00646985,0.08327253,0.983589,0.98449,4.90425,0.0015,102.3176,0,270.289,328.28,332.44,1057.045,0,0
,,295,20.92033952,108.857728,0.00627993,0.08175589,0.982648,0.984551,4.904423,-0.0002,102.3172,0,270.288,328.289,332.484,1057.11,0,0
,,296,20.91638045,106.153414,0.00614451,0.08098887,0.982393,0.984594,4.982786,0,102.3169,0,270.27,328.268,332.435,1057.148,0,0
,,297,20.91856626,110.371749,0.00614762,0.08157906,0.983746,0.984705,4.925128,0.0017,102.3168,0,270.293,328.229,332.367,1057.182,0,0
,,298,20.92224352,109.764445,0.00625614,0.08362764,0.982506,0.984743,4.901496,0.0001,102.3194,0,270.288,328.182,332.336,1057.212,0,0
,,299,20.92522148,109.739344,0.00633369,0.08331699,0.983116,0.984701,4.98207,0.0005,102.3199,0,270.29,328.167,332.318,1057.203,0,0
,,300,20.92509114,110.349888,0.0061615,0.08129004,0.982698,0.984757,4.925051,0.002,102.3211,0,270.299,328.134,332.257,1057.214,0,0
,,301,20.92136403,107.100271,0.00585637,0.07940898,0.982635,0.984718,4.90253,0.0017,102.3217,0,270.27,328.094,332.234,1054.296,0,0
,,302,20.91835617,104.154379,0.00574038,0.07914064,0.982619,0.984805,4.903903,0.0021,102.3212,0,270.272,328.077,332.212,1053.307,0,0
,,303,20.91965161,109.331743,0.00585338,0.08120486,0.982714,0.98481,4.904262,0.0023,102.3193,0,270.28,328.054,332.158,1054.535,0,0
,,304,20.92266042,111.153251,0.00613692,0.08300097,0.982914,0.984826,4.825751,0.0012,102.3188,0,270.289,328.02,332.096,1056.698,0,0
,,305,20.9240531,108.605937,0.00642332,0.08184523,0.982596,0.984787,4.883433,0.0013,102.3196,0,270.273,327.993,332.061,1057.201,0,0
,,306,20.92275201,105.158497,0.00634447,0.07954566,0.983239,0.98473,4.904418,0,102.3195,0,270.276,327.958,332.037,1057.238,0,0
,,307,20.91994086,109.175581,0.00613525,0.0783903,0.983862,0.984865,4.904354,0.0026,102.3213,0,270.288,327.915,331.993,1058.871,0,0
,,308,20.91849183,111.352316,0.00599447,0.07892884,0.985056,0.984915,4.90447,0.0012,102.3205,0,270.273,327.903,331.995,1057.666,0,0
,,309,20.92278488,108.69592,0.00599898,0.08006346,0.984046,0.984839,4.825597,-0.0003,102.3206,0,270.278,327.889,332.022,1057.207,0,0
,,310,20.92689047,108.398497,0.0061496,0.08149329,0.977326,0.984852,4.804495,0.0016,102.3208,0,270.258,327.892,332.007,1057.195,0,0
,,311,20.9279502,109.770888,0.00614922,0.08030948,0.983193,0.984827,4.882497,0.0025,102.3203,0,270.262,327.878,331.991,1057.183,0,0
,,312,20.92613983,111.215052,0.00594058,0.07759326,0.984684,0.984829,4.825807,0.0026,102.3204,0,270.271,327.861,331.968,1057.197,0,0
,,313,20.92163685,108.76136,0.00577936,0.07672541,0.984271,0.984855,4.804503,0.0003,102.3215,0,270.282,327.853,331.945,1057.215,0,0
,,314,20.92097154,106.54594,0.00568185,0.07729356,0.984012,0.984816,4.804526,0.0049,102.3184,0,270.267,327.842,331.903,1057.213,0,0
,,315,20.92458198,109.907927,0.00573479,0.0788085,0.983487,0.984645,4.883192,0.0017,102.3206,0,270.264,327.831,331.853,1057.21,0,0
,,316,20.92739508,108.088066,0.00600165,0.07994961,0.983372,0.984514,4.826379,0.0018,102.3217,0,270.27,327.805,331.78,1059.851,0,0
,,317,20.92894132,108.204422,0.00606594,0.07839306,0.983124,0.98441,4.804451,0.0001,102.3205,0,270.269,327.765,331.758,1057.936,0,0
,,318,20.92728358,109.650465,0.00578385,0.07641854,0.983464,0.984253,4.804447,-0.0004,102.3199,0,270.266,327.728,331.721,1057.225,0,0
,,319,20.92290847,106.531768,0.0056093,0.07600724,0.982896,0.984262,4.804331,-0.0011,102.3193,0,270.271,327.721,331.75,1057.224,0,0
,,320,20.92219538,109.710347,0.00559461,0.07694814,0.983758,0.984308,4.804298,0.0007,102.3204,0,270.233,327.716,331.714,1057.224,0,0
,,321,20.925266,111.222024,0.0057287,0.07835207,0.983564,0.98426,4.804454,-0.0015,102.32,0,270.243,327.693,331.7,1057.234,0,0
,,322,20.92626569,109.822185,0.00596082,0.07900933,0.984687,0.98429,4.725401,0.001,102.3187,0,270.251,327.674,331.674,1057.202,0,0
,,323,20.92499866,108.309234,0.00592795,0.07718806,0.982934,0.98437,4.78269,0.001,102.3182,0,270.252,327.671,331.652,1057.2,0,0
,,324,20.92105617,106.561822,0.00577928,0.07549883,0.983128,0.984275,4.725196,0.0025,102.3192,0,270.228,327.658,331.601,1057.189,0,0
,,325,20.91659338,104.557143,0.00567044,0.07470534,0.983742,0.984335,4.783397,0.0013,102.3195,0,270.246,327.619,331.573,1057.179,0,0
,,326,20.91961903,106.554999,0.00560494,0.07552168,0.982881,0.984224,4.72206,0.0016,102.3189,0,270.239,327.608,331.574,1057.174,0,0
,,327,20.92380582,111.650876,0.00568396,0.07745221,0.982838,0.984154,4.703226,0.0013,102.3198,0,270.238,327.595,331.536,1057.178,0,0
,,328,20.92588452,111.497824,0.00578062,0.07811573,0.982172,0.984043,4.7041,0.0022,102.3193,0,270.215,327.559,331.48,1057.195,0,0
,,329,20.92535732,106.041024,0.00568305,0.07643896,0.982528,0.984072,4.704123,0.0029,102.3199,0,270.229,327.54,331.495,1057.231,0,0
,,330,20.92196852,109.121768,0.00543565,0.07472893,0.982163,0.984121,4.704163,-0.0004,102.3201,0,270.227,327.552,331.493,1057.253,0,0
,,331,20.91838625,109.639653,0.00528379,0.0740767,0.981613,0.984119,4.782481,0.0018,102.3219,0,270.22,327.529,331.455,1057.256,0,0
,,332,20.92217484,111.298263,0.0053416,0.07499333,0.982782,0.984161,4.725443,0.003,102.3209,0,270.221,327.512,331.447,1057.289,0,0
,,333,20.92630808,108.307281,0.00557702,0.07734874,0.984064,0.984241,4.704301,0.003,102.3212,0,270.238,327.503,331.448,1057.315,0,0
,,334,20.92800242,110.243672,0.0057493,0.07711662,0.983889,0.984372,4.783306,0.0016,102.3191,0,270.234,327.482,331.401,1057.335,0,0
,,335,20.9260307,109.636422,0.00562738,0.07515085,0.985374,0.984514,4.72626,0.0002,102.3182,0,270.227,327.475,331.378,1057.362,0,0
,,336,20.92117161,107.876695,0.00544362,0.07378198,0.985664,0.984658,4.704306,0.003,102.3197,0,270.205,327.457,331.383,1057.388,0,0
,,337,20.91847315,109.846485,0.00529004,0.07333731,0.984553,0.984757,4.704258,0.0033,102.3193,0,270.193,327.446,331.365,1057.384,0,0
,,338,20.92153277,107.535864,0.00524232,0.074304,0.98377,0.984741,4.704125,0.0021,102.3196,0,270.198,327.438,331.365,1057.373,0,0
,,339,20.9249068,106.440566,0.00543424,0.0764602,0.983553,0.984844,4.704123,0.0031,102.3193,0,270.199,327.436,331.324,1057.341,0,0
,,340,20.92616435,111.661994,0.00557978,0.0759683,0.984377,0.984898,4.7041,0.0029,102.3186,0,270.197,327.381,331.274,1061.753,0,0
,,341,20.92458535,111.862339,0.00545281,0.07420643,0.984522,0.984814,4.704215,0.0027,102.3192,0,270.188,327.356,331.264,1062.678,0,0
,,342,20.92020502,108.950499,0.00529011,0.07297744,0.98508,0.984879,4.704157,0.0005,102.3205,0,270.194,327.355,331.277,1058.506,0,0
,,343,20.91883758,109.788637,0.00524213,0.07246267,0.984095,0.984949,4.704347,-0.0007,102.3197,0,270.204,327.381,331.307,1057.414,0,0
,,344,20.92230084,110.92702,0.00532317,0.07413478,0.985821,0.984995,4.783349,-0.0012,102.3202,0,270.18,327.383,331.328,1057.376,0,0
,,345,20.92533784,109.735912,0.00558637,0.07583974,0.983768,0.985094,4.726082,0.0007,102.3202,0,270.178,327.387,331.323,1057.302,0,0
,,346,20.92606235,109.832186,0.00568465,0.07515201,0.984611,0.985119,4.78315,0.0017,102.318,0,270.172,327.39,331.299,1057.292,0,0
,,347,20.92440696,110.075128,0.00544668,0.07304835,0.985717,0.985209,4.804605,0.0005,102.3185,0,270.172,327.376,331.24,1057.307,0,0
,,348,20.92102524,111.641937,0.00523686,0.07206896,0.98517,0.985459,4.725675,0.0008,102.318,0,270.168,327.335,331.239,1057.28,0,0
,,349,20.92124696,106.946926,0.00509853,0.07246788,0.98534,0.985599,4.704378,0.0005,102.3188,0,270.164,327.312,331.265,1057.277,0,0
,,350,20.92487523,108.064494,0.00511981,0.07407155,0.986007,0.98571,4.704266,-0.0006,102.3194,0,270.14,327.316,331.276,1057.258,0,0
,,351,20.9275647,106.239282,0.0053663,0.07587152,0.984826,0.985846,4.702926,0.0018,102.3184,0,270.152,327.314,331.218,1057.255,0,0
,,352,20.92783724,109.098427,0.00539294,0.07389224,0.985118,0.985945,4.703888,0.0005,102.3181,0,270.16,327.285,331.181,1057.253,0,0
,,353,20.92519105,108.801527,0.00527871,0.07265414,0.984728,0.985986,4.704312,0.0017,102.3176,0,270.157,327.281,331.184,1057.248,0,0
,,354,20.92214539,104.047674,0.00515112,0.07209394,0.9846,0.985936,4.620914,0.0023,102.3185,0,270.179,327.292,331.224,1059.946,0,0
,,355,20.92370479,108.289279,0.00518732,0.07229406,0.985195,0.985965,4.681195,0.0011,102.3175,0,270.175,327.264,331.255,1058.009,0,0
,,356,20.92752516,108.836687,0.00529288,0.0737736,0.985481,0.986057,4.624116,0.0024,102.3174,0,270.173,327.268,331.263,1057.254,0,0
,,357,20.9298008,110.635844,0.00557344,0.07469431,0.985575,0.986157,4.682757,0.0046,102.3167,0,270.163,327.291,331.273,1057.247,0,0
,,358,20.92951665,109.21729,0.00551892,0.07301552,0.985615,0.98628,4.704281,0.004,102.3165,0,270.177,327.287,331.312,1057.206,0,0
,,359,20.92632505,106.936966,0.00522145,0.07155745,0.986301,0.986511,4.704351,0.0034,102.3173,0,270.153,327.313,331.345,1057.186,0,0
,,360,20.92239162,109.129673,0.004944,0.07149009,0.987216,0.986722,4.704275,0.0033,102.318,0,270.165,327.314,331.355,1057.161,0,0
,,361,20.92443645,110.794011,0.0047917,0.07279541,0.987083,0.986844,4.623882,0.0019,102.3166,0,270.186,327.322,331.363,1057.142,0,0
,,362,20.92807029,106.878893,0.00479856,0.07501029,0.986481,0.987024,4.682668,0.0031,102.3172,0,270.181,327.327,331.385,1057.132,0,0
,,363,20.92993913,112.053106,0.00485216,0.07442317,0.986633,0.987178,4.624638,0.0026,102.3165,0,270.181,327.324,331.338,1059.808,0,0
,,364,20.92916154,109.101401,0.00464878,0.07182165,0.986895,0.987243,4.602474,0.0021,102.3167,0,270.175,327.287,331.312,1057.89,0,0
,,365,20.9254555,108.642639,0.00443237,0.07058476,0.986764,0.987353,4.602477,0.0009,102.3176,0,270.178,327.265,331.262,1057.19,0,0
,,366,20.92232355,108.70427,0.00433253,0.07083836,0.986738,0.98746,4.602437,0.0019,102.3196,0,270.178,327.256,331.256,1057.224,0,0
,,367,20.925117,105.934698,0.00443558,0.07268288,0.987718,0.987649,4.52455,0.002,102.3188,0,270.161,327.265,331.283,1057.246,0,0
,,368,20.92861616,103.425036,0.00471832,0.07435507,0.987679,0.987864,4.502951,0.0018,102.3187,0,270.175,327.268,331.286,1057.261,0,0
,,369,20.92999866,107.535993,0.00495209,0.07336314,0.987639,0.988035,4.581147,0.001,102.3193,0,270.204,327.262,331.287,1057.257,0,0
,,370,20.92877012,108.469694,0.0048873,0.07141204,0.988563,0.988362,4.60228,0.0018,102.3215,0,270.189,327.262,331.266,1057.285,0,0
,,371,20.92455594,108.505765,0.00471951,0.07049971,0.987664,0.988631,4.60221,0.0001,102.3226,0,270.182,327.27,331.248,1057.316,0,0
,,372,20.92247872,103.778937,0.00463799,0.07087944,0.988664,0.988831,4.524088,0.0004,102.3204,0,270.189,327.265,331.268,1057.345,0,0
,,373,20.92674397,108.184167,0.00459921,0.07235174,0.988548,0.98904,4.581311,0.0016,102.3203,0,270.191,327.261,331.268,1057.323,0,0
,,374,20.93077109,107.845819,0.00463342,0.07367834,0.988324,0.989198,4.523831,0.0005,102.3204,0,270.198,327.282,331.273,1061.573,0,0
