Time (s),O2 (Vol fr),CO2 (Vol fr),CO (Vol fr),HRR (kW/m2),MFR (kg/s),k_smoke (1/m),original HRR (kW/m2),Mass (g)
0.0,0.20954064,0.00050632,5.2e-07,8664715.578632416,0.029088588145257017,-0.0742654876508328,-2.06237182,-0.3498355
1.0,0.20955943,0.0006382,-1.08e-06,8731604.50210363,0.029313858166194064,-0.07448563310401377,-3.03918772,-0.34747745
2.0,0.20953961,0.00048703,-1.45e-06,8704206.867923504,0.029221132969893114,-0.0723223455131323,-2.01943208,-0.32690997
3.0,0.20958817,0.00056678,-9.5e-07,8752883.174201313,0.02938549477255339,-0.07375355365047923,-4.52048476,-0.34433338
4.0,0.20957349,0.00043409,2.1e-07,8685201.12235342,0.029157625699814595,-0.07257324515756122,-3.73852141,-0.34289234
5.0,0.20957072,0.00051634,1.98e-06,8698706.250243755,0.029203138775031973,-0.07177857704716228,-3.6031167,-0.38232426
6.0,0.20956446,0.00063255,4.34e-06,8682987.673998713,0.02915058305384316,-0.07217513155217448,-3.27811353,-0.33712821
7.0,0.20954926,0.00040773,4.06e-06,8668214.473480027,0.029100084491444512,-0.07403246148596666,-2.50100539,-0.35848171
8.0,0.20954988,0.00050939,2.81e-06,8682676.76223625,0.02914898215928933,-0.07305493028051338,-2.53653376,-0.3497045
9.0,0.20955666,0.00050448,5.33e-06,8700274.196650513,0.02920809013578587,-0.07457614076639132,-2.88696525,-0.37564311
10.0,0.20951508,0.000493,6.09e-06,8625706.683980709,0.02895710265229215,-0.0725919981744488,-0.76169086,-0.35559964
11.0,0.20961702,0.00055276,4.7e-06,8656442.646274934,0.029061979175495106,-0.07362344141340266,-5.9337264,-0.35062152
12.0,0.20954701,0.000685,3.69e-06,8601261.263574729,0.028876130955991213,-0.0727415818758213,-2.36797206,-0.34931149
13.0,0.20958797,0.00050232,3.37e-06,8609408.205785982,0.02890352691502962,-0.07296681180081298,-4.43598622,-0.32297988
14.0,0.20955778,0.00050853,3.08e-06,8561342.520525225,0.028741751263344478,-0.07404668265797057,-2.89750174,-0.37420207
15.0,0.20951333,0.0005898,4.04e-06,8563927.286225878,0.028750014327471853,-0.07369372142554281,-0.66871358,-0.33293611
16.0,0.20954547,0.00046471,4.64e-06,8537032.972729942,0.028659799717000476,-0.07276524023875207,-2.27323261,-0.34891848
17.0,0.20956148,0.0005499,6.61e-06,8534345.518477393,0.028651222493423535,-0.07364931862910097,-3.07312793,-0.33372213
18.0,0.20957534,0.0005517,5.14e-06,8530744.972679451,0.02863936928862478,-0.07359490629816093,-3.76441503,-0.36332882
19.0,0.20958663,0.00049193,1.98e-06,8576380.663785193,0.028792624992320937,-0.07285975617500515,-4.35191303,-0.36110177
20.0,0.20957873,0.00047652,5.3e-07,8551304.002475744,0.02870830781862576,-0.07341727041121973,-3.94318158,-0.3322811
21.0,0.20936817,0.00045719,-9.4e-07,8558902.798236154,0.02873076047757214,-0.07374310294827856,6.60526781,-0.30149538
22.0,0.20939404,0.00052913,-1.1e-07,8605449.288006123,0.02888758456009472,-0.07310421600110159,5.33826801,-0.35455161
23.0,0.20958643,0.00058722,1.01e-06,8590338.584843399,0.02883979012684939,-0.07069060868952812,-4.34870922,-0.34800146
24.0,0.20946252,0.00055256,2.22e-06,8610476.138249023,0.02890547337213461,-0.07322281321649442,1.88986388,-0.31394067
25.0,0.2094618,0.00051515,3.86e-06,8635907.838704092,0.028990689237303212,-0.07360978841890051,1.93177167,-0.31590571
26.0,0.20941807,0.00050751,6.11e-06,8666665.204381363,0.029093233442326928,-0.07243250111523371,4.15756294,-0.34380936
27.0,0.20928502,0.00050943,6.9e-06,8656650.4372358,0.029057665169154853,-0.07463545136786452,10.89260073,-0.32677897
28.0,0.20933686,0.00047795,3.25e-06,8604110.247118624,0.028882036067562462,-0.07319207591946354,8.21668149,-0.34511939
29.0,0.20929036,0.0005414,1.54e-06,8627403.654417282,0.028959780030146064,-0.07261781076439826,10.5864467,-0.37158201
30.0,0.20926695,0.00052619,4.04e-06,8627652.008365655,0.02896017481193534,-0.07329148929740104,11.768048,-0.35009751
31.0,0.2092535,0.00047979,2.72e-06,8598731.408201635,0.02886278989292594,-0.0734475016761775,12.40496501,-0.31380966
32.0,0.20924201,0.00050256,2.37e-06,8574199.457608303,0.02878035527804432,-0.07389663103492104,12.94622903,-0.33791423
33.0,0.20921439,0.0004513,1.58e-06,8633542.848627126,0.028979007213504163,-0.07162400487900028,14.43013992,-0.34760845
34.0,0.20920187,0.00047759,2.3e-07,8557540.473407067,0.028723827487428112,-0.07376297402548071,14.92992899,-0.29717228
35.0,0.20920053,0.00045588,-3.2e-07,8493791.36999976,0.028509777418553203,-0.07186415092277028,14.88496772,-0.33974827
36.0,0.2092532,0.00051184,-1.97e-06,8517578.120261021,0.028590577045740948,-0.07342774002716015,12.30331602,-0.36856894
37.0,0.20919006,0.00055133,-2.38e-06,8528871.908108296,0.028627706142159846,-0.07467421481441039,15.46885199,-0.32573094
38.0,0.20919571,0.00057618,-8e-07,8540571.963905731,0.02866710158540841,-0.07434496112630332,15.20811442,-0.34682243
39.0,0.20927363,0.00057206,-1.04e-06,8622658.774547268,0.02894375707706223,-0.07221117536517727,11.42475937,-0.36843794
40.0,0.20936797,0.00056204,1.23e-06,8560633.847919218,0.028736839786016422,-0.07500033612353534,6.61695263,-0.34053429
41.0,0.20943039,0.00053302,4.65e-06,8591561.561672933,0.028841402851973216,-0.07236885034434411,3.50196389,-0.32166985
42.0,0.209458,0.00052173,7.48e-06,8558360.537728576,0.028730253416599214,-0.07223606267391591,2.10475404,-0.36634189
43.0,0.20953376,0.0004952,8.51e-06,8559462.969032688,0.028734942954437844,-0.07178092145429076,-1.69247805,-0.32415891
44.0,0.2095158,0.00049778,7.43e-06,8570491.215411521,0.028771737396235165,-0.07108464513084126,-0.79288414,-0.32022881
45.0,0.20952658,0.00052329,6.87e-06,8596426.81520821,0.0288590496882666,-0.07277293906675114,-1.33798149,-0.35363459
46.0,0.20953694,0.00051536,7.47e-06,8519520.926784629,0.028600981183015253,-0.07261466876096019,-1.84338664,-0.34931149
47.0,0.20951641,0.00053445,4.27e-06,8618826.858198896,0.028934189767231385,-0.07303278116851146,-0.82845205,-0.34656043
48.0,0.2095467,0.0005371,2.4e-06,8577543.01740349,0.028796079632384102,-0.07117076671372471,-2.34593437,-0.35022851
49.0,0.20952534,0.00056457,1.86e-06,8569994.184683535,0.028770523660109158,-0.07094894900032628,-1.27204446,-0.34302335
50.0,0.20957544,0.00058011,2.92e-06,8614588.470034597,0.028920982229409767,-0.0728357574685884,-3.80661146,-0.3322811
51.0,0.2095044,0.00055431,1.5e-06,8578274.932833495,0.028797997753447564,-0.0730672907669328,-0.2211435,-0.33018505
52.0,0.20952617,0.00054548,4.54e-06,8577856.044316227,0.028796815406415988,-0.07193349231659586,-1.31446634,-0.35206256
53.0,0.20951836,0.00057099,3.43e-06,8582188.834991945,0.028811348661684666,-0.07320056603654564,-0.92297236,-0.35193155
54.0,0.20952822,0.00058636,1.26e-06,8599155.45340074,0.02886854176067844,-0.07235242185146601,-1.4211465,-0.37066499
55.0,0.20953222,0.00054851,2.27e-06,8630277.229747986,0.028972943615536408,-0.07523250516003864,-1.62865945,-0.33031605
56.0,0.20954721,0.00053702,7.66e-06,8594199.814419473,0.02885189644529005,-0.07257528371108313,-2.37632018,-0.35350359
57.0,0.20951159,0.00057761,1.005e-05,8562482.604313325,0.02874497773817253,-0.07277502063685155,-0.58108236,-0.36765192
58.0,0.20956887,0.00056842,1.007e-05,8568915.087087017,0.028767368672508883,-0.07247796360777013,-3.45659654,-0.32730298
59.0,0.20951066,0.00054888,7.3e-06,8544569.549239919,0.02868479925551468,-0.07235990342291068,-0.5336321,-0.36922396
60.0,0.20954793,0.00058612,4.44e-06,8590943.860812416,0.028841191830905423,-0.07370822324902632,-2.41159914,-0.35939873
61.0,0.20956333,0.00057124,7.17e-06,8588057.641337518,0.028831622631878735,-0.073152021827328,-3.18543646,-0.33634219
62.0,0.20958232,0.00059348,8e-06,8551691.997090794,0.028709859298756843,-0.07304651957705759,-4.12339703,-0.31865678
63.0,0.20955347,0.00057169,4.86e-06,8583924.820903964,0.028817655293539964,-0.07452979978227255,-2.68836024,-0.36830694
64.0,0.20954239,0.00059814,3.75e-06,8563537.908132322,0.028749156487061854,-0.07380793105348049,-2.12584265,-0.35153854
65.0,0.20954577,0.0005846,4.9e-06,8584905.943256548,0.02882087623447819,-0.07423769579453915,-2.30149519,-0.31498869
66.0,0.2095624,0.00057843,4.62e-06,8601647.321246086,0.028877307121286992,-0.07191702906212885,-3.14393076,-0.34315435
67.0,0.20956312,0.00055346,4.31e-06,8600897.643964097,0.028874731542602908,-0.0744173753493485,-3.17985513,-0.34276134
68.0,0.20954249,0.00053175,7.94e-06,8590050.609185638,0.028837877096587788,-0.07463973080652067,-2.13756818,-0.3322811
69.0,0.20955358,0.00051949,1.077e-05,8614253.582983527,0.028919193700068853,-0.07324658826748123,-2.70301257,-0.35428961
70.0,0.20950563,0.00052276,1.147e-05,8619049.489709074,0.028934594968928622,-0.07463559370584065,-0.28437285,-0.34263034
71.0,0.20953079,0.00055579,9.85e-06,8605831.800053935,0.028890720354421473,-0.07407552764502469,-1.55159636,-0.35153854
72.0,0.20954639,0.0005591,6.81e-06,8620434.928765913,0.028940044228930942,-0.07329917722465604,-2.34211229,-0.34197532
73.0,0.20955368,0.0005443,4.78e-06,8602204.934505818,0.028878946371342515,-0.07314821101653196,-2.70442344,-0.35245557
74.0,0.20952894,0.00053379,2.14e-06,8649435.776703056,0.029037171510432343,-0.07312025576585104,-1.46585155,-0.35166955
75.0,0.20954536,0.00051622,1.4e-06,8623462.036448186,0.02895017464178803,-0.07241344203298491,-2.2910792,-0.33581818
76.0,0.20955727,0.00047534,1.12e-06,8636535.569666382,0.028994118650741613,-0.0741498963543786,-2.89697632,-0.31066559
77.0,0.20957205,0.0004719,-2.9e-07,8617094.67279715,0.028929085682601552,-0.0708529375880484,-3.63666992,-0.3326741
78.0,0.20955953,0.00050093,-3.8e-07,8606338.172906404,0.02889288311077206,-0.07374802592783498,-3.00071738,-0.3622808
79.0,0.209597,0.00052014,3.6e-06,8628868.533884328,0.02896903937425043,-0.0741450250990543,-4.90272472,-0.33778322
80.0,0.20959053,0.00048605,7.77e-06,8638358.70523676,0.029000615082953835,-0.07503971503198659,-4.58076648,-0.34367836
81.0,0.2095661,0.00047272,9.91e-06,8608514.199246896,0.028899983042782403,-0.07391203432183806,-3.33275943,-0.36070876
82.0,0.2094966,0.00049087,9.88e-06,8619310.45814942,0.028935276621294963,-0.07339408730385259,0.17161397,-0.33974827
83.0,0.2098055,0.00054058,7.76e-06,8631176.981405448,0.0289797835162738,-0.07317386111331822,-15.45286194,-0.36083976
84.0,0.20969401,0.00057586,4.67e-06,8630940.554579621,0.02897754792994051,-0.07410759226258955,-9.8107544,-0.33110207
85.0,0.20950512,0.00058628,4.18e-06,8554532.451332469,0.028718343318183008,-0.07324021467570016,-0.25653263,-0.37132001
86.0,0.20955173,0.00057165,5.16e-06,8637582.065600576,0.028997759882906485,-0.07172079330877361,-2.61686489,-0.35297958
87.0,0.20954064,0.00057312,2.55e-06,8605700.697205441,0.02889062756401508,-0.07299565975981996,-2.04833644,-0.32782699
88.0,0.20951939,0.00056682,3.6e-07,8596410.664170407,0.028859159167287794,-0.0728345153745372,-0.97618858,-0.34394037
89.0,0.20951087,0.00056658,8.9e-07,8550463.756161122,0.028704775863150903,-0.07532970718566427,-0.54428504,-0.31328565
90.0,0.20953992,0.00053608,1.18e-06,8584790.525746884,0.02882033511356859,-0.07316427825389062,-2.00721927,-0.32337289
91.0,0.20951303,0.00057201,1e-08,8594453.54449876,0.0288525200393441,-0.0695198493070209,-0.65559637,-0.35638566
92.0,0.20952216,0.00057148,2.17e-06,8617890.577940088,0.028931286184883664,-0.07384376262038725,-1.1185266,-0.34236833
93.0,0.20951877,0.00054381,4.28e-06,8623780.063161395,0.028950880560158602,-0.07272968899533144,-0.94818179,-0.36463885
94.0,0.20953869,0.00050326,6.18e-06,8560102.774662893,0.028737234437468985,-0.0731067664566178,-1.93966733,-0.38625435
95.0,0.20950851,0.00049001,6.3e-06,8593005.626026895,0.02884721458640093,-0.07218630418755081,-0.42816461,-0.38887442
96.0,0.20952031,0.0005017,8.1e-06,8581748.73858057,0.02880959264084697,-0.07369907722585015,-1.02094839,-0.35900572
97.0,0.20950625,0.00049104,9.06e-06,8588896.044568162,0.028833331471811316,-0.07182545631310941,-0.31435912,-0.33097107
98.0,0.20951138,0.00049238,9.02e-06,8630781.66311949,0.02897402281402792,-0.07282388982449532,-0.57533477,-0.33463915
99.0,0.20953818,0.00047689,7.63e-06,8592074.278554386,0.028844449004722075,-0.07357496113676742,-1.92107292,-0.3625428
100.0,0.2095199,0.00045784,5.21e-06,8579863.690479938,0.028803186050462115,-0.07173664068981453,-1.00008752,-0.34826347
101.0,0.20950943,0.00049361,5.31e-06,8595619.996913819,0.028856036015767302,-0.07099468136089654,-0.47480492,-0.31734675
102.0,0.20953263,0.00053465,6.3e-06,8603864.006458987,0.02888415086886303,-0.073179782946198,-1.64436098,-0.35979174
103.0,0.20947586,0.00056061,5.09e-06,8582858.601610305,0.028812918054108246,-0.07183570259216104,1.21311558,-0.35284858
104.0,0.2095352,0.00059903,3.35e-06,8600971.38359837,0.028874733747461294,-0.07346231093437018,-1.77311349,-0.34878748
105.0,0.20952719,0.00060251,2.26e-06,8551550.438766938,0.028708738320563938,-0.070168154886504,-1.36186273,-0.36398383
106.0,0.20956815,0.00059147,4.88e-06,8574365.972615516,0.02878583542196066,-0.06921791259380168,-3.42272137,-0.33935526
107.0,0.2095199,0.00056981,6.92e-06,8547600.312150702,0.028695177407830327,-0.07177942561760732,-0.99633727,-0.33621119
108.0,0.2095275,0.00053686,7.84e-06,8562439.910966206,0.02874498633476541,-0.0702494734333004,-1.37902674,-0.30398444
109.0,0.20956169,0.00051205,9e-06,8504714.40817857,0.02855158623594685,-0.0704180944540709,-3.07266934,-0.33188809
110.0,0.20956672,0.00049001,8.5e-06,8574663.648263337,0.028786432489244732,-0.07101590222650594,-3.35060293,-0.36607988
111.0,0.20961106,0.00050318,8.78e-06,8578843.098389173,0.028801136373810515,-0.0691144082618132,-5.58119273,-0.34564341
112.0,0.20958571,0.00052386,7.69e-06,8524738.963387523,0.028619218128763255,-0.0698127432756977,-4.27956192,-0.33896225
113.0,0.20948141,0.00051425,5.05e-06,8597655.679731881,0.0288625329082542,-0.07017655116428906,0.93611755,-0.34760845
114.0,0.20949937,0.00053592,2.3e-06,8605169.877791394,0.02888814116239856,-0.06971778514207409,0.03165689,-0.33804523
115.0,0.20957524,0.00055607,1.39e-06,8566247.251544913,0.028758646987010653,-0.06828866301671137,-3.77494158,-0.32035982
116.0,0.20955234,0.00056216,2.4e-07,8611579.08878896,0.02891054648091869,-0.07026876260513135,-2.64006434,-0.37904919
117.0,0.20954444,0.0005333,4.6e-07,8651980.948349306,0.029045975044405432,-0.06979438134974976,-2.25183884,-0.37249903
118.0,0.20954947,0.00052165,2.03e-06,8639457.542514272,0.029003936786447287,-0.0685748987968193,-2.50313197,-0.31904979
119.0,0.20957852,0.00051609,1.11e-06,8613187.632494008,0.028916167482701337,-0.06730571694333545,-1.46567735,-0.37158201
120.0,0.20958181,0.00055652,1.12e-06,8579513.591360891,0.028803286456395495,-0.06650192976693778,-0.89506678,-0.33974827
121.0,0.20952411,0.00057794,2.6e-06,8576703.690789882,0.028793055571204155,-0.06837602070235782,2.30151316,-0.36424584
122.0,0.20953438,0.00055922,1.97e-06,8596483.20189455,0.02885956263321909,-0.06831391301938802,1.21330554,-0.31695374
123.0,0.2095507,0.00053858,3.86e-06,8592630.825088546,0.028846763431051775,-0.06727855241158649,0.1487914,-0.35442061
124.0,0.20955922,0.00054082,6.13e-06,8551062.453612408,0.028707294176860788,-0.06539545242565921,-0.30334689,-0.34210632
125.0,0.2095469,0.00051511,7.15e-06,8565442.87150181,0.028755295509375407,-0.0664531653171078,0.35755368,-0.33123307
126.0,0.20952072,0.00050751,8.81e-06,8577623.114832066,0.02879575129865744,-0.06228007021264155,1.62830352,-0.37223703
127.0,0.20955922,0.00050027,9.57e-06,8555566.657333214,0.028722221942871246,-0.0666622817421081,-0.48526452,-0.3624118
128.0,0.20955902,0.00047542,7.49e-06,8540942.708135456,0.028673092778101854,-0.06630130722959596,-0.42572018,-0.328089
129.0,0.20954013,0.00046679,4.58e-06,8608650.224215262,0.028900157367559378,-0.0656396169869625,0.56228306,-0.33568717
130.0,0.20955542,0.00047959,3.2e-06,8568518.186345618,0.02876571727423893,-0.0648540134670193,-0.20794942,-0.33097107
131.0,0.20958817,0.0005098,1.52e-06,8616502.839338874,0.028927409283362137,-0.06355553108704101,-1.90883317,-0.35324158
132.0,0.20958345,0.00054916,2.22e-06,8654482.814985532,0.02905495270617965,-0.06579258575350355,-1.52253527,-0.39752062
133.0,0.20957729,0.00055252,5.43e-06,8625156.785479177,0.028956352773232198,-0.06563427852114795,-1.10501857,-0.33987927
134.0,0.20954136,0.00051393,8.21e-06,8599218.364202904,0.02886857846314919,-0.06583300144121303,0.77682015,-0.37315405
135.0,0.20956364,0.00049827,1.023e-05,8677208.916207056,0.029130636281992014,-0.0657427771550073,-0.39436933,-0.33883125
136.0,0.20954865,0.00047121,1.173e-05,8668083.544434275,0.02909966864165135,-0.06727948032901075,0.38884645,-0.31931179
137.0,0.20955768,0.00046156,1.12e-05,8644473.804470427,0.029020521145383404,-0.06511518279910636,-0.08999979,-0.35455161
138.0,0.20955512,0.00049966,9.06e-06,8651645.340876317,0.029044720634331687,-0.06592855841975198,0.04447593,-0.35153854
139.0,0.20958591,0.00053526,6.6e-06,8622024.613575542,0.028945885409549763,-0.06428189343068719,-1.51312382,-0.30752152
140.0,0.2095698,0.00053048,5.3e-06,8657838.77783208,0.029065899268944168,-0.06499542607750658,-0.63297842,-0.3325431
141.0,0.20956507,0.00056073,7.96e-06,8594620.70481441,0.02885363283217741,-0.06661164336709124,-0.36331459,-0.36896195
142.0,0.20958242,0.0005454,8.96e-06,8609282.933641821,0.028903040016078713,-0.0664341898964302,-1.22365644,-0.31446468
143.0,0.20955614,0.00054851,6.85e-06,8566483.861239063,0.02875903024606538,-0.06806713732467255,0.14978261,-0.34420237
144.0,0.20957051,0.00051139,3.99e-06,8582936.793530472,0.028814419827619057,-0.06713341047980569,-0.57820471,-0.29992334
145.0,0.20954413,0.00048662,3.34e-06,8566465.72869442,0.028758682693057376,-0.06727836211767126,0.76800114,-0.3453814
146.0,0.20954095,0.0004746,6.97e-06,8555998.463078866,0.0287233855188266,-0.06590437639076568,0.89912861,-0.34328535
147.0,0.20955152,0.00047076,6.58e-06,8522863.071927112,0.028612294433380054,-0.06368701536227225,0.33697243,-0.37249903
148.0,0.2095738,0.00048073,3.44e-06,8599323.470733698,0.028869398902895412,-0.06630450439981264,-0.79334994,-0.34511939
149.0,0.20952873,0.00045997,3.19e-06,8596810.805023737,0.02886025481403663,-0.0651927106172549,1.50155276,-0.34197532
150.0,0.20958407,0.00048519,3.15e-06,8674947.094557473,0.029123449708368464,-0.06545024391657274,-1.34351102,-0.37420207
151.0,0.20955368,0.00052917,1.78e-06,8648628.55835822,0.02903481456698931,-0.06453744402322104,0.24046419,-0.35232456
152.0,0.20962616,0.00057827,9e-08,8659994.28860434,0.029074210450930747,-0.06684096057327098,-3.44300096,-0.36110177
153.0,0.20962431,0.00055615,1.35e-06,8668507.313615618,0.029102670321569303,-0.06607819989901274,-3.25405899,-0.34014128
154.0,0.20952144,0.00051797,4.09e-06,8617530.710804075,0.02892986506037757,-0.06658358883052903,2.04705653,-0.31695374
155.0,0.20948336,0.00052672,5.84e-06,8637609.683869023,0.028996709157702683,-0.06411240579064623,3.92262821,-0.35638566
156.0,0.20955748,0.00052218,5.58e-06,8539416.580840772,0.02866812746954394,-0.06690966281339457,0.0695852,-0.35271757
157.0,0.20954926,0.00052966,4.94e-06,8636124.627039619,0.028992708064703863,-0.0655109273878181,0.48396694,-0.33477015
158.0,0.2094929,0.00054201,7.06e-06,8562045.131462637,0.028743194839396392,-0.06657833447352074,3.2936,-0.33791423
159.0,0.20953777,0.00051883,6.36e-06,8577259.493932469,0.028794861526075858,-0.06751543001528858,0.96573256,-0.33621119
160.0,0.20954567,0.00048519,4.38e-06,8575514.660301821,0.02878905731281512,-0.06596765686736428,0.54555226,-0.38848141
161.0,0.20955019,0.000495,1.97e-06,8541138.872019066,0.02867379786565299,-0.06530904548368362,0.30477918,-0.35075253
162.0,0.20952114,0.00052795,1.38e-06,8593339.944099793,0.02884873673777629,-0.06600333843958608,1.76175339,-0.34158231
163.0,0.20955501,0.00055906,3.86e-06,8578734.071954733,0.02880023392694737,-0.06660270269725363,0.01765208,-0.33332912
164.0,0.20955974,0.00055579,4.53e-06,8608088.055432143,0.028898824618707023,-0.06561812794916017,-0.2207583,-0.35952973
165.0,0.20954957,0.00052304,4.59e-06,8571544.40491957,0.028775894756758267,-0.06718233368749023,0.29507474,-0.34865648
166.0,0.20953992,0.0005127,5.67e-06,8662138.49289415,0.02907983732056452,-0.06569725935800548,0.78152624,-0.36490086
167.0,0.20952196,0.00051728,6.71e-06,8641685.430842541,0.029010905271610803,-0.06754079331190098,1.67294537,-0.37721514
168.0,0.20956374,0.00054622,6.92e-06,8660206.93206071,0.02907377541099863,-0.06679385233001567,-0.47614221,-0.34459538
169.0,0.20959813,0.00052092,7.91e-06,8579766.712650897,0.028804122562719765,-0.06369468620682703,-2.19083739,-0.36738991
170.0,0.2095507,0.00052554,9.57e-06,8585470.809383241,0.028822567844342072,-0.0642180012005073,0.23497187,-0.34315435
171.0,0.20959269,0.0005349,1.016e-05,8581612.959707154,0.028810237839132207,-0.06678360586382835,-1.88007917,-0.32756499
172.0,0.20956764,0.00051609,9.39e-06,8542451.746175757,0.028678365532646622,-0.06748844423008094,-0.58345404,-0.33450815
173.0,0.20952226,0.00051401,5.73e-06,8572910.933521746,0.02878003800259857,-0.06628561047520551,1.70330274,-0.38586134
174.0,0.20954444,0.0005069,3.79e-06,8593556.21689986,0.028849685291185312,-0.06648667795093724,0.56097018,-0.38428931
175.0,0.2095582,0.00052288,4.01e-06,8583574.126688458,0.028816416285967365,-0.06560686890797844,-0.14106754,-0.34380936
176.0,0.20957123,0.00053199,1.36e-06,8559204.794587415,0.02873487439916216,-0.0678823033145755,-0.79185576,-0.34394037
177.0,0.20956076,0.00051286,1.06e-06,8550111.576628331,0.02870414497741998,-0.0675748452054823,-0.25321229,-0.38127624
178.0,0.20955645,0.00050857,5.11e-06,8569520.671626886,0.02876914536520387,-0.06282051018175451,-0.0331479,-0.32638596
179.0,0.20952093,0.00053449,4.7e-06,8538397.501147851,0.028664237136416186,-0.06839696483805001,1.74312769,-0.34721544
180.0,0.2095315,0.00054593,7.17e-06,8539862.797280721,0.028669291221755478,-0.06726305562090608,1.21462713,-0.36738991
181.0,0.20952781,0.00052627,8.65e-06,8558691.383079186,0.028732357858033845,-0.06661744309015745,1.40253412,-0.38717138
182.0,0.20954187,0.00053514,7.96e-06,8548739.17702861,0.02869919032630143,-0.06722355810776125,0.69679268,-0.35324158
183.0,0.20954485,0.00056887,4.39e-06,8566142.13795291,0.028757833087885494,-0.06527235170970339,0.54885928,-0.34223733
184.0,0.20953992,0.00055268,2.41e-06,8612580.216545546,0.02891365363635805,-0.06684630836768889,0.80038369,-0.37066499
185.0,0.20952278,0.00056433,2.19e-06,8600251.31356216,0.02887205595175192,-0.06812445379151687,1.66270046,-0.34564341
186.0,0.20955861,0.00055137,1.5e-06,8624913.832935382,0.028955345212659578,-0.06776970080230453,-0.14226633,-0.32114584
187.0,0.20956477,0.00051969,3.5e-06,8614735.612613985,0.028921126380477204,-0.07051650949158862,-0.45288935,-0.30778352
188.0,0.20950984,0.00053915,5.58e-06,8646357.883677538,0.029026505305245226,-0.0680841068661516,2.32652175,-0.35874371
189.0,0.20950184,0.00052783,3.57e-06,8646443.257558806,0.029026683323414727,-0.06758405390191978,2.73195323,-0.34931149
190.0,0.20955316,0.00054066,3.78e-06,8684668.80205133,0.029155792803573936,-0.06979155185744776,0.13350247,-0.33974827
191.0,0.20950841,0.0005687,2.86e-06,8629309.297776703,0.028969397891198703,-0.06754890292619498,2.39456898,-0.34367836
192.0,0.2095391,0.00058019,4.85e-06,8616594.032701023,0.028927149221326342,-0.06964825835677725,0.84220123,-0.36634189
193.0,0.20954475,0.00058567,4.72e-06,8609187.494665973,0.028902385462348756,-0.06770809418626461,0.55679431,-0.36162578
194.0,0.20953099,0.00057144,4.48e-06,8545509.115944454,0.028688371781848476,-0.06978178701612099,1.24112336,-0.32638596
195.0,0.20953448,0.0005761,5.95e-06,8598651.577499272,0.028866811732996916,-0.05943563514330034,1.07307817,-6.60352821
196.0,0.20953438,0.00060525,6.05e-06,8572211.46119955,0.028778133266159314,0.13771099475538523,1.0749354,-250.97718214
197.0,0.20951847,0.00062041,5.95e-06,8568848.395185648,0.02876666173435392,0.15474604245561122,1.87298914,-278.07477955
198.0,0.20954464,0.00060259,4.22e-06,8600719.522809843,0.02887401726064207,0.15442808645197673,0.56141887,-278.08997592
199.0,0.20953664,0.0005909,6.38e-06,8586819.090227036,0.028827155482577468,0.1529809192453139,0.96319128,-278.11578355
200.0,0.2095235,0.00060173,8.09e-06,8654294.04743726,0.029053484413607736,0.15165005898946052,1.63672911,-278.13491001
201.0,0.2094967,0.00057827,5.31e-06,8639874.049569713,0.02900467248393976,0.15147057680445383,2.98956089,-278.10831637
202.0,0.20953838,0.00054438,3.35e-06,8628840.549186612,0.028968174651240873,0.15211998295027732,0.87971045,-278.10045618
203.0,0.20953664,0.00055816,6.67e-06,8652140.509367047,0.029046342773474194,0.15382930124867258,0.97051491,-278.09272699
204.0,0.20949075,0.00057577,9.6e-06,8647784.71233079,0.029031045035267232,0.15108416388655369,3.29377469,-278.10687533
205.0,0.2095352,0.00054042,7.95e-06,8661688.132840315,0.02907829339038709,0.15195490713797183,1.04448735,-278.14041214
206.0,0.20950728,0.00051528,5.66e-06,8576678.049402392,0.0287924739120259,0.15171544306815335,2.43665802,-278.0806747
207.0,0.20953068,0.00052799,3.63e-06,8627638.012379332,0.02896397027406867,0.1506818267989704,1.26860714,-278.11604555
208.0,0.20951354,0.00053199,1.67e-06,8612743.28187067,0.02891377195657569,0.1509774159603158,2.13109405,-278.13242095
209.0,0.20952668,0.00055812,1.48e-06,8589653.096261641,0.028836528783521158,0.1499777688581316,1.46442339,-278.12757383
210.0,0.20955121,0.00054266,-4e-08,8606682.621071061,0.02889403859009604,0.15272533007072503,0.23062538,-278.10844737
211.0,0.20950625,0.00052231,1.4e-06,8567771.208454939,0.028762667983702323,0.15073505402308085,2.48563958,-278.08368777
212.0,0.20951918,0.00056511,4.15e-06,8580806.530872976,0.028806687178889703,0.14920411108279236,1.83948556,-278.10674433
213.0,0.20951323,0.00057618,3.71e-06,8527502.280493995,0.02862769618612236,0.14987717168180173,2.12538787,-278.13294496
214.0,0.20953017,0.00057937,5.61e-06,8572794.692561686,0.0287799616068075,0.14668756314450582,1.28631745,-278.08237774
215.0,0.20951744,0.00055787,7.59e-06,8511248.331140352,0.02857305523110422,0.14638410242791294,1.91155008,-278.09180997
216.0,0.20950964,0.00054561,6.8e-06,8551752.784071203,0.028708899805360007,0.14923513482513928,2.3113468,-278.11591455
217.0,0.20952103,0.00053498,8.24e-06,8556711.807634111,0.028725649500014612,0.14759459287041107,1.74171825,-278.0683604
218.0,0.2095389,0.00054487,6.87e-06,8548485.923869353,0.028698349362422645,0.1443328380650379,0.84581884,-278.09220297
219.0,0.20951354,0.00055734,7.76e-06,8579432.630005902,0.02880189491465014,0.14797734487076278,2.12284812,-278.13556503
220.0,0.20954013,0.00053698,7.95e-06,8510150.15337153,0.028569622972324883,0.14548585936678465,0.78062731,-278.09194097
221.0,0.20956302,0.00052169,5.64e-06,8564472.661631964,0.02875232154902997,0.14130545695063584,-0.36270169,-245.87303489
222.0,0.20956867,0.00053612,5.63e-06,8511358.030503968,0.02857413137822906,0.13724542198193962,-0.64193209,-209.91818803
223.0,0.20954167,0.00051818,6.3e-06,8524349.02978038,0.02861729007042324,0.14276956522150888,0.70505431,-277.14544306
224.0,0.20960378,0.00056498,5.65e-06,8505705.155729871,0.02855574126748086,0.14560181985593748,-2.39081043,-276.16920752
225.0,0.20956487,0.00058031,4.67e-06,8556981.71885958,0.028727396636789068,0.14553959379808162,-0.45500087,-278.15390547
226.0,0.20954731,0.00061056,5.49e-06,8607013.757132031,0.028895184291034787,0.14509672163573012,0.4272831,-278.14394923
227.0,0.20954352,0.00060296,6.05e-06,8576609.580525994,0.02879302316738864,0.14233479730550433,0.61656628,-278.11905863
228.0,0.20954926,0.00058146,3.97e-06,8568608.1290787,0.028766222005454017,0.14455578655844337,0.32749099,-277.51382398
229.0,0.20953982,0.00058702,2.71e-06,8597676.017921282,0.028863714427946215,0.1441769374937344,0.80417042,-274.80978761
230.0,0.20952658,0.00056601,2.32e-06,8641441.184633087,0.02901039276706093,0.14128624927108277,1.47844797,-277.99853571
231.0,0.20953756,0.00058011,5.58e-06,8653707.264992991,0.02905170573889965,0.13808743279527053,0.92386932,-261.50865077
232.0,0.20949978,0.00060014,9.28e-06,8619951.191108901,0.028937818059489168,-0.2556756632940113,2.82722225,83.37628696
233.0,0.20952206,0.00058554,1.032e-05,8659786.42068028,0.029071805770095754,0.1399016334692994,1.71064621,-277.12644766
234.0,0.20947812,0.00057361,7.62e-06,8602222.480172584,0.028877942474105123,0.1418815379841363,3.91238823,-278.08630783
235.0,0.20949906,0.00056964,6.97e-06,8565912.560823705,0.028756351939318962,0.14294352407137478,2.84553689,-278.08408078
236.0,0.20947535,0.00057528,6.76e-06,8598771.949875308,0.028866341887019475,0.14267467071561132,4.05036268,-278.11198445
237.0,0.209489,0.00054385,5.5e-06,8518801.231184792,0.028598004910538252,0.14186108216455048,3.3316932,-278.08434278
238.0,0.20946878,0.00055722,4.62e-06,8573599.383176414,0.028781732053670007,0.13855969340620566,4.3682913,-278.04661387
239.0,0.20946642,0.00061175,6.12e-06,8534003.754287716,0.028648907856144788,0.1435150088397804,4.46610531,-278.05892817
240.0,0.20945687,0.00062704,7.18e-06,8572564.67978704,0.02877824453597696,0.14069639422720315,4.9654322,-278.04425581
241.0,0.20945728,0.00064596,6.08e-06,8552807.781494517,0.028712006041604208,0.14138803632577776,4.93344189,-278.02840443
242.0,0.20945574,0.0006503,6.22e-06,8563383.855271906,0.02874749822028184,0.14224392188624832,5.01674087,-278.07124247
243.0,0.20946508,0.00062789,4.58e-06,8520972.323801342,0.028605222053489147,0.14080293973470237,4.52587339,-278.07176648
244.0,0.20945205,0.0006198,2.82e-06,8527342.196232548,0.028626431234265278,0.13982625073299412,5.18011251,-278.02067524
245.0,0.20944804,0.00059462,1.42e-06,8608849.70386697,0.028899948110783676,0.14186382255786287,5.43138777,-278.09207197
246.0,0.20943346,0.00059867,2.49e-06,8582848.22451332,0.028812440545342814,0.1404007689992128,6.14738057,-278.10635132
247.0,0.20948941,0.00060766,4.88e-06,8547084.807495387,0.028693165077743988,0.14046653595102954,3.322229,-278.09849113
248.0,0.20943891,0.00058726,6.03e-06,8580023.945500404,0.028802929941034533,0.1401038295212703,5.87207135,-278.12390574
249.0,0.20949855,0.00057283,5.58e-06,8618036.28996324,0.028931366205919986,0.1411873432074185,2.88875741,-278.14971337
250.0,0.20948572,0.0005472,7.26e-06,8588384.580475,0.02883152550464707,0.1416586496768948,3.52409373,-278.10202821
251.0,0.20951149,0.00053993,8.98e-06,8645578.722491095,0.029023844648180055,0.14128196738185939,2.24315256,-278.08630783
252.0,0.20949136,0.00054557,7.96e-06,8603577.443763997,0.02888259053196209,0.13975087370726044,3.24590209,-278.06652635
253.0,0.20950717,0.00054356,1.008e-05,8588722.403079601,0.0288328995001384,0.13996457510881793,2.44524215,-278.09862213
254.0,0.20949383,0.00054671,1.217e-05,8575228.922608871,0.02878737476289094,0.1399232084929284,3.1114924,-278.13163493
255.0,0.20953037,0.00058281,1.216e-05,8588626.804557536,0.028832988865841194,0.14185601299305817,1.27836059,-278.0891899
256.0,0.20952545,0.00057823,1.088e-05,8536870.853053946,0.028659180449530742,0.1408715085023585,1.51700393,-278.08971392
257.0,0.20952247,0.00054875,1.071e-05,8577718.794579614,0.0287961828184106,0.1374500328717773,1.67380117,-278.0973121
258.0,0.20951066,0.00056891,1.061e-05,8559154.990166452,0.028733755417165493,0.13909221307056624,2.26189504,-278.1261328
259.0,0.20949578,0.00053849,9.59e-06,8601242.264988117,0.028874759674939666,0.1420717777075349,3.02270292,-278.08774887
260.0,0.20955101,0.00050645,8.59e-06,8630788.850396128,0.028974673511627042,0.1391077104237141,0.24164747,-278.11263947
261.0,0.20951415,0.00051613,8.39e-06,8596747.156009264,0.028859892137902028,0.13785562842329419,2.09611514,-278.10071818
262.0,0.20954208,0.00050894,5.98e-06,8602513.26967941,0.02887968165868443,0.1386450889792019,0.69083076,-278.09600207
263.0,0.20952863,0.00052124,2.56e-06,8618076.874087455,0.028931844622514725,0.14020259233753596,1.3708229,-278.08617683
264.0,0.20952534,0.00055407,1.57e-06,8654383.385618636,0.029053802653960376,0.13873444135907248,1.54309521,-278.11172245
265.0,0.2095043,0.00056061,3.07e-06,8598463.48969653,0.028865757346793103,0.13821161411033828,2.59275622,-278.06770538
266.0,0.20956189,0.00056809,2.83e-06,8590428.063974004,0.028839640664422024,0.13863910422634354,-0.30698521,-278.07006344
267.0,0.20958283,0.0005918,2.38e-06,8500706.525369734,0.028538808266512547,0.13636276765030153,-1.34654642,-278.09246498
268.0,0.20951539,0.00061044,4.64e-06,8555753.958824137,0.02872265497817795,0.1385266440793353,2.02442683,-278.10386226
269.0,0.20953171,0.00058162,7.83e-06,8608558.83497683,0.028900009125281324,0.13580214451021222,1.214051,-278.10111119
270.0,0.20954341,0.00052133,9.09e-06,8575417.414153794,0.028788709488275083,0.1372595792577129,0.62162964,-278.06705037
271.0,0.20950492,0.00052411,8.96e-06,8568485.425904805,0.02876489481084365,0.13690442194026486,2.5527921,-278.12573979
272.0,0.20948572,0.00054168,7.42e-06,8548725.541972317,0.02869836869669384,0.1352985939668614,3.50781789,-278.08774887
273.0,0.20950502,0.00055137,6.94e-06,8591590.70125017,0.028842586596746128,0.13665435694199768,2.55452231,-278.00967098
274.0,0.20955224,0.00058665,8.63e-06,8586347.896300372,0.028825738953078214,0.13793398134948898,0.1784545,-278.09089294
275.0,0.20953068,0.00059343,9.85e-06,8602426.081941076,0.028879399458395325,0.1367058783756399,1.264903,-278.11172245
276.0,0.20949835,0.00055391,8.41e-06,8587512.956470024,0.028828778099873244,0.13615937193321614,2.88883826,-278.1178796
277.0,0.20952565,0.00056547,9.31e-06,8616666.726239147,0.02892706063168722,0.1365366336730019,1.52082309,-278.05146099
278.0,0.20955861,0.00056061,9.8e-06,8587102.40804602,0.028828260736531483,0.13689591902868284,-0.14164191,-278.09049993
279.0,0.20947761,0.00055889,8.29e-06,8609789.324849555,0.02890327858566706,0.13531343608631846,3.94169583,-278.08866589
280.0,0.20954331,0.0005591,4.52e-06,8604424.793455917,0.028886299157381938,0.13681476146232802,0.62891016,-278.09443003
281.0,0.20954998,0.00058787,2.08e-06,8602213.443980956,0.02887910981496655,0.13496760410505398,0.29257152,-278.05670112
282.0,0.20954577,0.00060925,2.8e-06,8648173.141440026,0.029033393283517495,0.13670031474832248,0.50732175,-278.08696285
283.0,0.20949701,0.00058399,5.03e-06,8523227.195628295,0.028613108095607527,0.13706154058685588,2.93383141,-278.07726861
284.0,0.20954013,0.00053146,4.58e-06,8596367.261861922,0.028859117980146457,0.1349030385151043,0.78853737,-278.09875313
285.0,0.20950923,0.00051928,4.98e-06,8541328.895885456,0.02867385859227853,0.13671381510404265,2.32906382,-278.11093643
286.0,0.20955091,0.00051176,6.2e-06,8575565.552426979,0.028789346070058976,0.13747284856041228,0.24525789,-278.12521577
287.0,0.20943613,0.00055914,4.41e-06,8583343.5784042,0.028813982412019712,0.1340518503812324,6.01359691,-278.09993216
288.0,0.20966116,0.00054193,5.15e-06,8578290.65090102,0.028800195683991198,0.13410338326523538,-5.29548198,-278.09076194
289.0,0.20954793,0.00052464,4.09e-06,8560259.701523287,0.028738002019299116,0.13682211207315964,0.39407812,-278.11460452
290.0,0.20950892,0.00050158,4.11e-06,8560056.103862563,0.028736687408897885,0.13492489181228992,2.34960455,-278.09180997
291.0,0.20957329,0.00050248,6.88e-06,8561402.40487985,0.028742078230188546,0.13448771244121654,-0.87736358,-278.08670084
292.0,0.2095352,0.00052288,6.16e-06,8586109.344476122,0.02882455084317015,0.13377315675313156,1.03537299,-278.08958291
293.0,0.20956867,0.0005445,5.74e-06,8611158.854316467,0.028909203479651934,0.13614775727798473,-0.64945965,-278.06495432
294.0,0.20956785,0.00056813,4.72e-06,8607332.729649484,0.02889643956460574,0.13571076823067876,-0.60776844,-278.07412454
295.0,0.20955984,0.00054062,3e-06,8644218.0281222,0.02902010645901584,0.13362241847359072,-0.20495491,-278.0889279
296.0,0.20958129,0.00048936,2.31e-06,8578034.010443218,0.028798084043344826,0.1362315848239069,-1.28140659,-278.10373125
297.0,0.20956548,0.00049067,3.81e-06,8655593.217113486,0.029058207624062585,0.13287714303268308,-0.4914673,-278.05709413
298.0,0.20952165,0.00050408,3.56e-06,8638031.659209836,0.02899866056691118,0.1307380093852964,1.72711401,-278.07111146
299.0,0.20953222,0.00056576,2.52e-06,8629149.945719391,0.02896920638261504,0.13486026202991702,1.19101847,-278.04739989
300.0,0.20955974,0.00053007,4.19e-06,8643845.035818256,0.02901879574246725,0.13265407202670323,-0.19974834,-278.09914614
301.0,0.20954382,0.00055207,4.78e-06,8578929.46768878,0.028800688356583986,0.13233546633567467,0.60125662,-278.0686224
302.0,0.20952555,0.00055346,5.73e-06,8630266.677407904,0.028972754081584288,0.13380893774125183,1.52841381,-278.09613307
303.0,0.2095389,0.00058841,5.11e-06,8626993.27745288,0.028962077626757295,0.13522877395661717,0.85359164,-278.10870937
304.0,0.20957144,0.00060484,4.51e-06,8624866.642604452,0.028955472132509416,0.13368904042333338,-0.79052567,-278.12102367
305.0,0.20953469,0.00059168,4.66e-06,8611067.744150879,0.02890857168927828,0.1318100331800433,1.06427637,-278.09115495
306.0,0.20955758,0.00062932,7.8e-06,8650207.38988111,0.02904035047498792,0.13250575031568662,-0.09067265,-278.06272726
307.0,0.20953736,0.00059253,8.7e-06,8633430.570363874,0.028983603576946744,0.1341844378720365,0.93208474,-278.0602382
308.0,0.20955974,0.00054066,9.36e-06,8618047.03184201,0.0289321117311538,0.13486661965047161,-0.19915166,-278.09023793
309.0,0.2095429,0.00054679,8.98e-06,8652275.307997711,0.029046803187943223,0.13333174869758568,0.65321264,-278.05670111
310.0,0.20954444,0.00051102,6.72e-06,8579631.980328517,0.028802891301030163,0.1323080127001045,0.57035261,-278.07556557
311.0,0.20953397,0.00053195,7.24e-06,8664407.82779155,0.029087394883398978,0.1324452745999981,1.10732344,-278.10949539
312.0,0.20953448,0.00054119,9.04e-06,8635570.95069639,0.02899058403999062,0.13368369704983002,1.0776792,-278.05473607
313.0,0.20955512,0.00053465,9.18e-06,8611225.722457234,0.02890913023800531,0.13538468052265096,0.03399945,-278.10045617
314.0,0.20954957,0.00052962,6.5e-06,8630657.704498885,0.028974326541914692,0.13244272882052702,0.31429275,-278.07530357
315.0,0.20950286,0.0005548,5.56e-06,8596266.463826234,0.028858291422835105,0.13385496517191703,2.66443007,-278.07517256
316.0,0.20954659,0.00059033,6.41e-06,8602830.407644093,0.028881049183045685,0.13214115075319544,0.46328075,-278.04477983
317.0,0.2095701,0.00054082,5.1e-06,8626357.22597211,0.02896025006593705,0.13234753111106828,-0.72322463,-278.04608986
318.0,0.2095312,0.00054736,4.81e-06,8631882.2497614,0.02897826040239114,0.12933252807162746,1.24328566,-278.09574006
319.0,0.20945513,0.00056956,4.09e-06,8568624.122305531,0.028764881623913236,0.1344208910263244,5.05067322,-278.07569658
320.0,0.20967235,0.00059065,5.78e-06,8567903.25870549,0.02876561648525634,0.1338283397457045,-5.85091592,-278.05814215
321.0,0.20956169,0.00060431,6.13e-06,8569626.54717797,0.028769844024182808,0.1319384079319685,-0.29593671,-278.06456131
322.0,0.20960419,0.00056874,5.56e-06,8600363.041286781,0.028873550223141458,0.13250159740297618,-2.43810739,-278.10910238
323.0,0.20955429,0.00056355,6.49e-06,8600437.640641201,0.02887304475024436,0.13510265940197033,0.07532586,-278.0971811
324.0,0.20955655,0.00054475,6.64e-06,8566664.17109905,0.02875963449275298,0.13176128134663329,-0.0382878,-278.07766162
325.0,0.20954475,0.00056237,4.59e-06,8597569.339524835,0.028863313650773426,0.13282091351732228,0.55604159,-278.11329449
326.0,0.20958068,0.00053715,3.8e-06,8522907.985789372,0.02861311946384295,0.13581274384130065,-1.24242599,-278.05892817
327.0,0.20956959,0.00057508,3.81e-06,8573161.85005645,0.028781786438273723,0.1353564308241703,-0.69299255,-278.03691964
328.0,0.20953561,0.0005638,2.18e-06,8547641.51174762,0.02869562154252167,0.13318254910768634,1.01018605,-278.02866644
329.0,0.20957072,0.00053776,1.28e-06,8545623.523344934,0.028689291198679384,0.1330307170736684,-0.74728895,-278.14028114
330.0,0.20956323,0.00050886,3.99e-06,8557805.345791223,0.028729936881329354,0.13404871848051744,-0.37271061,-278.06652635
331.0,0.20956446,0.0005181,3.49e-06,8560177.040044768,0.02873795496870346,0.1278995608905574,-0.43457968,-278.12285772
332.0,0.20955388,0.00052639,4.43e-06,8499346.107029546,0.028533589664756873,0.1189505469852471,0.09488142,-278.10700633
333.0,0.20953407,0.0005927,4e-06,8453213.318536924,0.028378639831273537,0.06998631453024749,1.07525977,-278.06298927
334.0,0.20933543,0.00090456,3.53e-06,8516801.08559386,0.028590213965722425,0.11542835349010257,10.98683862,-278.09521605
335.0,0.20882593,0.00147958,5.84e-06,7472503.390897471,0.02507964468187494,0.1180526955590341,31.89011356,-278.08774887
336.0,0.20786371,0.00216086,1.177e-05,7148263.947878034,0.02398135940023511,0.12105802829238034,70.56660479,-278.06390629
337.0,0.20639005,0.00304864,1.585e-05,7042862.039560489,0.023612094615536375,0.11779969607049794,129.63031954,-278.08001968
338.0,0.20455615,0.00404398,2.014e-05,6602407.807261921,0.022116603696216604,0.12115292263037945,191.09704852,-278.0848668
339.0,0.20194021,0.005079,2.768e-05,6269390.6480439985,0.020974118519222984,-0.006655034924577024,274.69717863,-278.0767446
340.0,0.19903189,0.00589619,3.678e-05,6331578.187071404,0.02115026164956516,-0.054974390209100464,380.71866988,-278.04215976
341.0,0.19707018,0.00644813,4.509e-05,6553607.333987559,0.021869072089508692,0.035703592765803274,465.33942458,-278.07320751
342.0,0.19585214,0.00684624,4.874e-05,6658370.109443976,0.022204165320671473,0.07103975394654438,517.39396135,-278.09220298
343.0,0.19505674,0.00707904,4.959e-05,6688653.078475174,0.022295502185973592,0.0783989966212759,548.86957191,-278.09364401
344.0,0.19460032,0.00725428,5.068e-05,6722610.920297589,0.022403189128763042,0.07768976405738395,568.4030988,-278.093251
345.0,0.19445259,0.00736727,4.913e-05,6666197.148402214,0.022213592300188656,0.07577008029820363,569.00467511,-278.09521605
346.0,0.19447148,0.00747273,5.047e-05,6755908.566689921,0.022513030293642464,0.07530337943589044,575.97365916,-278.07189748
347.0,0.19446625,0.00755714,4.806e-05,6629226.907780526,0.02209106990089714,0.078096921744636,565.36892651,-278.10215922
348.0,0.19447651,0.00761172,4.603e-05,6688714.569274239,0.022289612200836265,0.07750830817793553,570.07284873,-278.03574061
349.0,0.19443247,0.00767091,4.54e-05,6613870.446022858,0.022039794497097184,0.07716305933310007,565.28395987,-278.09875313
350.0,0.19449489,0.00775593,4.784e-05,6658742.189597302,0.022190302702931406,0.07852811026515366,566.86054254,-278.0848668
351.0,0.19446337,0.00781598,5.1e-05,6614849.4242975395,0.022043722122039585,0.07801631243027994,564.26164781,-278.09600207
352.0,0.19448657,0.00789271,5.242e-05,6620479.971332672,0.022062952305459353,0.07768475536144066,563.90985076,-278.06901541
353.0,0.19440999,0.00799298,5.311e-05,6590808.557353651,0.02196333165136431,0.07769905452194188,564.13685765,-278.09574006
354.0,0.19437611,0.0080684,5.441e-05,6659864.432005617,0.022193185292544153,0.07920513605414178,571.28008658,-278.07386253
355.0,0.19438504,0.00808238,5.414e-05,6633097.880731357,0.022104143913418896,0.07663817800700462,568.66264002,-278.09665708
356.0,0.19438412,0.00811423,5.231e-05,6553134.207697821,0.02183777163359813,0.08028024061191334,561.84306703,-278.09652608
357.0,0.19437385,0.00818164,4.967e-05,6563769.704004686,0.021873295891216775,0.07925070120909417,563.12716388,-278.07897165
358.0,0.19438484,0.00824524,4.627e-05,6581408.835874137,0.021932434631445147,0.07789327693955256,564.25258093,-278.12560878
359.0,0.19443175,0.00829389,4.514e-05,6532985.095339356,0.021771797871768746,0.08183069213204198,558.43608728,-278.09495404
360.0,0.19440167,0.00828841,4.615e-05,6510822.507800638,0.021697528395205515,0.0804069151380125,557.60701937,-278.11250847
361.0,0.1944219,0.00830881,4.713e-05,6491787.8483885685,0.021634383392276718,0.08033384296153885,555.26297554,-278.11617656
362.0,0.19435928,0.00837953,4.601e-05,6438881.428397547,0.021457478183237486,0.08310746404280817,552.93751866,-278.11290148
363.0,0.19436112,0.00843201,4.764e-05,6478895.392557762,0.02159094917476757,0.07931083908429364,556.31117279,-278.08001968
364.0,0.1943254,0.00845793,5.114e-05,6360808.01310427,0.021196986344560062,0.08141086163010719,547.4084019,-278.0601072
365.0,0.19422757,0.00843639,5.036e-05,6417516.930503114,0.02138470607417132,0.08261478168434336,555.70345001,-278.14932036
366.0,0.19418999,0.0084603,4.775e-05,6337551.311435076,0.02111787911671759,0.08054966003700093,550.07673933,-278.11146044
367.0,0.19416597,0.00853384,4.845e-05,6315310.053067717,0.021043637547147487,0.08126128871772262,548.97553045,-278.05984519
368.0,0.19410633,0.00859593,5.113e-05,6250224.814868717,0.020826142190596923,0.08096378257251255,545.34728198,-278.09115495
369.0,0.19406598,0.00862177,5.108e-05,6312996.225115149,0.0210348677250061,0.08187436969194421,552.21024227,-278.11617656
370.0,0.19404032,0.00862058,5.073e-05,6314717.820345745,0.021040291528979946,0.08297297157295905,553.24163931,-278.09822912
371.0,0.19402451,0.00861674,5.139e-05,6339922.796006201,0.02112405781160373,0.08072233888849584,555.99399137,-278.07739962
372.0,0.1940012,0.00865664,5.059e-05,6342831.946502819,0.021133572518532935,0.08271157923962014,557.05510241,-278.07792363
373.0,0.19404791,0.00862847,4.915e-05,6380032.592894124,0.021258056385520172,0.08112654481409134,558.70177165,-278.14499725
374.0,0.19419112,0.00859728,5.08e-05,6330003.408922524,0.021093021938678194,0.08482802853345293,549.39002726,-278.0684914
375.0,0.19419122,0.00856106,5.194e-05,6387780.724579183,0.02128544346690792,0.08285142033395596,554.39824982,-278.06770538
376.0,0.19422695,0.00855555,5.333e-05,6335262.404291051,0.021110845063425497,0.08348789420815146,548.60831322,-278.10897138
377.0,0.19424471,0.00858559,5.458e-05,6258756.786218665,0.020856174420028056,0.08304549476154643,541.379955,-278.08434279
378.0,0.19429091,0.00864073,5.149e-05,6179771.681072507,0.02059370459718052,0.08781678576642617,532.99932765,-278.08119871
379.0,0.1942404,0.00869927,5.215e-05,6232128.209022354,0.02076769621664618,0.08560446871697971,539.23077914,-278.0971811
380.0,0.19419872,0.00876778,5.434e-05,6250178.0542272935,0.020827466047333227,0.08573567411683498,542.21272213,-278.12573979
381.0,0.19412942,0.00882935,5.6e-05,6089010.222715382,0.020289702675543253,0.08572947069791652,530.52848276,-278.07373153
382.0,0.19404001,0.00881492,5.673e-05,6081662.7295066975,0.020264116559398453,0.08812291813188752,532.84286573,-278.09010692
383.0,0.19398683,0.00879235,5.508e-05,6169262.186157002,0.020555332775754297,0.08869810770421924,542.29967566,-278.08028169
384.0,0.19392503,0.00881823,5.111e-05,6169667.497335675,0.02055606490438521,0.08757215152816612,544.40971179,-278.10202821
385.0,0.1939857,0.00883012,5.142e-05,6203728.666712712,0.020670306099541614,0.08847260154564184,545.37137075,-278.09875313
386.0,0.19400952,0.00886409,5.101e-05,6162782.782998745,0.02053425002062341,0.08957372397757893,540.97663272,-278.0724215
387.0,0.19401311,0.00885906,5.025e-05,6146871.021500939,0.020481275722959963,0.08857835779330339,539.45988416,-278.08840388
388.0,0.19402872,0.00888396,5.259e-05,6217883.731180812,0.020718099065259826,0.09176174242110055,545.16543721,-278.06141723
389.0,0.19395911,0.0089035,5.539e-05,6049880.371973052,0.020157489833297893,0.0878995126014279,532.72318593,-278.04543484
390.0,0.19390912,0.00888392,5.664e-05,6164822.555839914,0.02053979713223773,0.09147343423761885,544.51667928,-278.11355649
391.0,0.19391261,0.00889205,5.43e-05,6153542.826777182,0.020502313981981,0.09088705196309078,543.40523656,-278.08997592
392.0,0.19392,0.00892439,5.414e-05,6127614.347806512,0.02041609206284879,0.09214181664118044,540.87164672,-278.04635187
393.0,0.19394525,0.00888277,5.194e-05,6154502.604281254,0.02050591919398404,0.09148777669191481,542.39919428,-278.05578409
394.0,0.19400942,0.00893583,5.06e-05,6165050.086076923,0.02054197849201011,0.09291595537279762,541.18371126,-278.10399326
395.0,0.19384054,0.00898942,5.238e-05,6087733.013680219,0.02028245050230742,0.09481499948810851,539.98270893,-278.10019417
396.0,0.19386775,0.00901522,5.384e-05,6034130.77792192,0.02010422097528611,0.09562094195396578,534.33791116,-278.06115522
397.0,0.19386929,0.00901898,5.461e-05,6101727.887680116,0.020329452560326415,0.09569609351727866,540.27270152,-278.08591482
398.0,0.19383982,0.00901685,5.229e-05,6078515.252075396,0.02025179622795696,0.09627680388937906,539.19053624,-278.0889279
399.0,0.1939662,0.00897385,5.035e-05,6099468.926757562,0.020323040719944018,0.09648988319383855,536.86144988,-278.10346925
400.0,0.19396876,0.00895063,4.848e-05,6175961.720627815,0.020577915984360564,0.09506026480913084,543.50741532,-278.10098019
401.0,0.19398724,0.0089546,4.883e-05,6123117.816916017,0.020402067478102647,0.09711059026046681,538.24237496,-278.10595831
402.0,0.1940319,0.00891449,4.894e-05,6058524.652357231,0.020187277205220386,0.09439728400469892,531.09190375,-278.05932118
403.0,0.19400048,0.00895276,5.127e-05,6108526.321923115,0.020353563462662705,0.09655362369879936,536.5190937,-278.08997592
404.0,0.19407512,0.00896755,5.185e-05,6090644.917994694,0.020294892674589303,0.09670688517038294,532.47902035,-278.11250847
405.0,0.19402933,0.0090068,5.343e-05,6041952.497230437,0.020132169788482836,0.0970529805548768,529.72718104,-278.08997592
406.0,0.19393797,0.00901473,5.51e-05,5987508.102038076,0.019949684506974423,0.09821624698302217,527.9256021,-278.09456103
407.0,0.19377967,0.00905601,5.381e-05,5990227.336671406,0.01995701018103987,0.09903921455783574,533.31683483,-278.03285854
408.0,0.1937193,0.00908328,5.555e-05,6010501.884870703,0.020023883815947673,0.09863925948218126,537.09163629,-278.05146099
409.0,0.19367424,0.00912743,5.536e-05,5968688.721976269,0.019884162251463444,0.0958681520806021,534.81733412,-278.12442976
410.0,0.19360073,0.00917816,5.71e-05,5977652.758211863,0.01991325518419765,0.09723540788055345,538.0058903,-278.08368777
411.0,0.1936382,0.00914991,5.741e-05,6001801.1069189655,0.01999407012978203,0.09844053269655183,538.95786032,-278.06521632
412.0,0.19366654,0.00913781,5.654e-05,5990621.314115582,0.019957143983367242,0.09921031756045547,537.03291501,-278.07124247
413.0,0.1936574,0.00912436,5.496e-05,5952831.9602292,0.019831140231765514,0.09548305487796695,533.94011146,-278.03678863
414.0,0.19372187,0.00912591,5.598e-05,5896327.988910602,0.019643634341067504,0.09758549951727825,526.80947737,-278.07360052
415.0,0.19368635,0.00903549,5.657e-05,5953205.019786731,0.019832492845865628,0.09862935851129233,533.03261779,-278.11447351
416.0,0.1936844,0.00905417,5.41e-05,6015353.737618828,0.020039593571931528,0.09866338644189512,538.66307292,-278.08394978
417.0,0.1938234,0.00902078,5.215e-05,6047415.213337173,0.02014799779292894,0.0997973436885993,536.97136525,-278.15010638
418.0,0.19381519,0.00904563,5.247e-05,5997853.152635284,0.019982829112617083,0.1000860213637191,532.83934956,-278.07739962
419.0,0.19383254,0.00913703,5.347e-05,5986649.002866723,0.019945896333716424,0.09817436304996194,531.28531124,-278.0973121
420.0,0.19378275,0.00912984,5.465e-05,5953505.4421882285,0.019834858139859465,0.09998040278148382,529.95206264,-278.09495404
421.0,0.19371078,0.00916696,5.498e-05,5912548.1062300615,0.01969765168293347,0.10038968168588053,528.61723145,-278.16661278
422.0,0.19366818,0.00918977,5.405e-05,5979531.392121583,0.01992037552939549,0.09904480564667471,535.98970969,-278.12403675
423.0,0.1936188,0.00919737,5.157e-05,6012676.461498394,0.020030272082485274,0.10030760759483036,540.5725446,-278.05853516
424.0,0.19361747,0.00915862,4.898e-05,5985119.598157034,0.019938407046691954,0.1008760719513455,538.13704876,-278.11303248
425.0,0.19370267,0.00914648,4.725e-05,6045884.657061529,0.020141840975794526,0.10217529166570184,540.80633279,-278.09023793
426.0,0.1937499,0.00915293,4.674e-05,6020391.085307984,0.020057487128032812,0.09943464227068893,536.98394655,-278.12469176
427.0,0.19350844,0.00913004,4.937e-05,6067139.189850136,0.020210275397612477,0.1000611192700171,549.09576019,-278.08290175
428.0,0.19382063,0.00912518,4.901e-05,5978774.245960159,0.01991956323727877,0.10052509976546133,530.97409722,-278.08643884
429.0,0.19382648,0.00912735,5.016e-05,5998521.65969435,0.019985411422955533,0.1025697305669582,532.53697131,-278.09312
430.0,0.19377115,0.00912963,5.229e-05,5946843.806340983,0.01981256548534223,0.10190109831959127,529.73444308,-278.11735558
431.0,0.19367311,0.00914259,5.285e-05,5966351.18149381,0.019876435267252614,0.10040821116974183,534.64640523,-278.06875341
432.0,0.19365453,0.00918376,5.228e-05,5921532.810546338,0.019727013256965645,0.10069508054709009,531.22978053,-278.05434306
433.0,0.19356203,0.00919075,5.176e-05,5936940.9533576835,0.01977729450407511,0.10167416936370334,535.59054087,-278.04006371
434.0,0.19353185,0.0092501,5.316e-05,5936982.38358338,0.019777195018176895,0.09823760181713101,536.56872983,-278.07399353
435.0,0.1935028,0.00929429,5.294e-05,5904686.549349678,0.019669379068014907,0.0996816685028672,534.5825436,-278.05696312
436.0,0.19348278,0.00928894,5.085e-05,5986981.328988857,0.019943300908373835,0.09800590469561954,542.68322413,-278.09626407
437.0,0.19352374,0.00924442,4.971e-05,5920336.941225874,0.019721692379416404,0.09938724121015341,535.32571793,-278.10111119
438.0,0.19352908,0.00922435,4.742e-05,5963993.523111763,0.0198671723440146,0.09977786236260187,539.10036118,-278.06298927
439.0,0.19353791,0.00923154,4.973e-05,5900301.705279308,0.019655085656868517,0.09756615943843294,533.06020008,-278.07032544
440.0,0.19352302,0.00925869,5.258e-05,5979833.529455345,0.019919865540970874,0.09772800688934911,540.72845205,-278.11617656
441.0,0.19355351,0.00931007,5.49e-05,5915379.365249873,0.019705590597128647,0.09825450621291835,533.92464587,-278.07451755
442.0,0.19349828,0.00928853,5.686e-05,5851017.208687168,0.01949047424342476,0.10009693705110376,529.86483997,-278.08761786
443.0,0.19351306,0.0092705,5.607e-05,5921269.311457546,0.019724635462139022,0.09931228051616417,535.75162557,-278.05159199
444.0,0.19346553,0.00923416,5.49e-05,5887549.394135162,0.019611697966805636,0.09597231074716937,534.21554102,-278.13373098
445.0,0.19345219,0.00922177,5.521e-05,5913244.660800352,0.019697102896613253,0.09573655651869924,536.97376761,-278.10268323
446.0,0.19347241,0.00924863,5.78e-05,5916445.540407146,0.019708020045871657,0.09615848029022477,536.61663074,-278.05106798
447.0,0.19348401,0.00929167,5.713e-05,5867333.336760171,0.019544664394392813,0.09686929919876201,531.79624868,-278.05381905
448.0,0.19359088,0.00930234,5.661e-05,5976586.033299534,0.019909877540495204,0.09523689857712116,538.23713007,-278.11093643
449.0,0.19358595,0.00927491,5.607e-05,5900155.727148792,0.01965515392316893,0.09582491706861572,531.51019521,-278.09953915
450.0,0.19357414,0.00924462,5.649e-05,5917857.539186594,0.01971391231115599,0.09570994630412413,533.48162385,-278.0768756
451.0,0.19351922,0.0092633,5.933e-05,5868526.956920772,0.019548947529658307,0.09360232297870363,530.7818219,-278.08447379
452.0,0.19360371,0.00926192,6.091e-05,5768932.453656096,0.019218109573832073,0.09538065520682996,519.13077281,-278.05761814
453.0,0.19351132,0.00925349,6.322e-05,5844023.732897421,0.01946715216894773,0.09526196001410835,528.81380227,-278.04700688
454.0,0.19348842,0.00929633,6.188e-05,5744539.787793965,0.01913561573108477,0.09344099888532305,520.52755154,-278.07569658
455.0,0.19346974,0.00934142,5.809e-05,5790174.927654632,0.019287576017703457,0.0955953829295853,525.25321226,-278.04202876
456.0,0.19345609,0.00933509,5.863e-05,5839540.350446828,0.01945183817976308,0.09176787020289323,530.16281611,-278.07360052
457.0,0.19341451,0.00932712,5.971e-05,5758745.378804345,0.01918220302058268,0.09195014942068247,524.12389563,-278.08224673
458.0,0.19343833,0.00931367,5.811e-05,5799077.695509312,0.019316813567152303,0.09303998161496409,527.04624308,-278.04425581
459.0,0.19345896,0.00929163,5.612e-05,5814106.05876686,0.019367089254657594,0.09359115598593784,527.76152105,-278.10360025
460.0,0.19345444,0.00929176,5.51e-05,5793362.727498176,0.0192979565650077,0.09014875352332584,526.02081954,-278.06613334
461.0,0.19345434,0.00929028,5.604e-05,5808423.742139567,0.019348106848508923,0.08934545815265507,527.3910713,-278.06220325
462.0,0.19345732,0.00928105,5.867e-05,5721384.943979106,0.01905815090153285,0.0911142561671583,519.39424169,-278.13936412
463.0,0.19346276,0.00932667,5.963e-05,5819454.578021578,0.019384973433652274,0.08880355538942979,528.12791465,-278.07857865
464.0,0.19350239,0.0093684,5.828e-05,5711596.53217302,0.01902624550147354,0.08925627128832019,517.11602927,-278.05722513
465.0,0.19344869,0.00937212,5.753e-05,5763924.899567552,0.019199973430010727,0.08767191652416483,523.53132805,-278.09115495
466.0,0.19343709,0.00934567,5.615e-05,5808833.7029037895,0.019349397564887856,0.084925140544377,527.97442977,-278.06980143
467.0,0.19355248,0.0093406,5.332e-05,5814779.879500695,0.019370548857427537,0.08588190921056989,524.87933964,-278.10399326
468.0,0.19356757,0.00932049,5.03e-05,5828114.324623548,0.019415142403593873,0.08515285007891168,525.60619433,-278.05866616
469.0,0.19358369,0.00929572,4.971e-05,5751829.989785852,0.019161152810586064,0.08577290541006567,518.22265266,-278.07988868
470.0,0.19350208,0.0092819,5.046e-05,5810432.305877568,0.019355406172079738,0.0842576223289439,526.07211053,-278.09443003
471.0,0.19347734,0.00932515,5.246e-05,5771197.781527948,0.01922449609980864,0.08430805391970193,523.29544987,-278.10058718
472.0,0.19341656,0.009348,5.436e-05,5789463.413851807,0.01928467399440335,0.08555706679778013,526.85872231,-278.06246526
473.0,0.19337899,0.00935401,5.507e-05,5783762.706100919,0.019265261965499058,0.08468466965501135,527.51722233,-278.0849978
474.0,0.19331986,0.00940139,5.553e-05,5812473.326464974,0.019360319656521432,0.08218392614313816,531.99992661,-278.08971391
475.0,0.19333474,0.00938206,5.517e-05,5874592.102248825,0.019567359720177497,0.08029008882610346,537.21090674,-278.07111146
476.0,0.19335948,0.00934105,5.316e-05,5869864.605047608,0.019551836445676825,0.08027907191906469,535.99041342,-278.07124247
477.0,0.19341317,0.0092994,5.11e-05,5798574.107565364,0.019314924732356055,0.08188243852005074,527.79264805,-278.08958291
478.0,0.19346379,0.00928844,5.17e-05,5829521.72053263,0.01941855475758035,0.08108596950937023,529.01006238,-278.1016352
479.0,0.19354602,0.00930255,5.093e-05,5847584.952143002,0.019479708664769,0.07954174024365755,528.04424737,-278.08263974
480.0,0.19356798,0.00928861,5.274e-05,5827072.214850882,0.01941156754297758,0.07856070148925375,525.49631618,-278.07726861
481.0,0.19363892,0.00928481,5.489e-05,5825777.004925781,0.019408019524516935,0.07833660544192357,523.13742131,-278.08146071
482.0,0.19367516,0.00925149,5.564e-05,5732932.364506289,0.019099038218980863,0.07926332606852486,513.67111748,-278.08368777
483.0,0.19372125,0.00922108,5.528e-05,5853618.490623516,0.019501563658249624,0.07923852700614702,523.01913061,-278.05264002
484.0,0.19368317,0.00918813,5.138e-05,5786580.762042192,0.019277780495773212,0.07887970012802914,518.22462788,-278.07294551
485.0,0.19366725,0.00916916,4.827e-05,5717897.128134199,0.019048790590459087,0.07835172637396837,512.56725052,-278.07307651
486.0,0.19369425,0.0092723,4.529e-05,5848117.954787414,0.019483196456461096,0.07847654937926243,523.39145922,-278.08355677
487.0,0.19369682,0.00926841,4.619e-05,5771464.785696995,0.01922783078941755,0.07610116724914512,516.45024726,-278.05447406
488.0,0.19361654,0.00933067,4.482e-05,5793724.14576071,0.019301238448992588,0.07848990704847231,520.96919809,-278.05670112
489.0,0.19348627,0.00934167,4.39e-05,5737191.060556197,0.019111480354673832,0.07676363098810204,519.93871021,-278.06312027
490.0,0.1934103,0.00941038,4.546e-05,5738408.964938136,0.01911481142461171,0.07377081349272245,522.4146679,-278.04504183
491.0,0.19343863,0.00943336,4.663e-05,5695088.103224458,0.018970856861796493,0.07732682118208038,517.59745035,-278.12246471
492.0,0.19337529,0.00939599,4.761e-05,5821068.977098794,0.019389690635686296,0.0755102967058518,531.04198234,-278.09796711
493.0,0.19331606,0.00940241,5.055e-05,5770320.891843719,0.019219951543184243,0.0751785603367975,528.2626331,-278.09665708
494.0,0.19330117,0.00942792,5.398e-05,5800719.692573048,0.01932104015233476,0.07547503674828097,531.51326186,-278.07726861
495.0,0.19338104,0.00942036,5.459e-05,5754893.943638011,0.019169278635957274,0.07595429542676271,524.82439163,-278.0644303
496.0,0.19331257,0.00938757,5.691e-05,5847775.326213707,0.01947776886699064,0.0779935059055794,535.46039505,-278.09207197
497.0,0.19332509,0.0093906,5.838e-05,5787384.349507819,0.019276745168051092,0.07496924725407912,529.5376826,-278.10805436
498.0,0.19334368,0.00941149,5.597e-05,5741043.760055849,0.019122684007081208,0.07567402893537901,524.7221432,-278.07032545
499.0,0.19330189,0.00939657,5.628e-05,5756522.610828989,0.019173733085868144,0.07516859651983755,527.43828836,-278.05041296
500.0,0.19337191,0.00943119,5.743e-05,5800493.490853831,0.019321045906239582,0.07788106924518479,529.26944176,-278.06744338
501.0,0.193306,0.00944439,5.491e-05,5724326.936097824,0.01906666749239402,0.07579938356156417,524.36454367,-278.04844792
502.0,0.19330918,0.00943377,5.486e-05,5698175.049076399,0.018979573546693756,0.07575554837776782,521.87014991,-278.08774887
503.0,0.19329861,0.00947211,5.468e-05,5781435.236628769,0.019256865609386477,0.07603103965095451,529.82898871,-278.06678836
504.0,0.19325446,0.00946986,5.564e-05,5763845.451703826,0.019197759009870335,0.0756906698771126,529.59395071,-278.07504156
505.0,0.19323147,0.00949991,5.754e-05,5739354.630794405,0.019115965650597668,0.07708980143336913,528.05912475,-278.06809839
506.0,0.19323486,0.00952554,5.695e-05,5759049.869726814,0.019181667853146338,0.07710723646934113,529.76742076,-278.07517256
507.0,0.19335877,0.00954593,5.5e-05,5727150.282629283,0.01907688476787371,0.07733369141551442,522.99268812,-278.0559151
508.0,0.19316269,0.00956012,5.358e-05,5795874.893293115,0.019303627807461508,0.07655134446607949,535.42211316,-278.06875341
509.0,0.193225,0.00955971,5.332e-05,5714397.3751475345,0.019032962055772856,0.07466153622605348,525.96827725,-278.11997565
510.0,0.19321494,0.00952979,5.308e-05,5761640.322860602,0.019190138243678472,0.07707124807753023,530.62865222,-278.04884093
511.0,0.19321135,0.00947722,5.239e-05,5803111.154454241,0.01932811686568406,0.07795349774509669,534.55789463,-278.10530329
512.0,0.19324615,0.00947661,5.28e-05,5744974.411184556,0.019134868590834866,0.07747659818948895,528.12022158,-278.07176648
513.0,0.19323958,0.0094827,5.398e-05,5786036.652296475,0.019271556296851858,0.08015199562023659,532.1006205,-278.03639562
514.0,0.19326288,0.0094652,5.271e-05,5745318.315341624,0.019136178821879974,0.07874114824032234,527.63075336,-278.08683185
515.0,0.19324954,0.00946324,5.104e-05,5728174.654709963,0.01907894848288738,0.07935581158092421,526.47073777,-278.10923339
516.0,0.19328321,0.0094957,5.02e-05,5635663.777271943,0.01877127501503397,0.07889872928583415,516.94310917,-278.06940842
517.0,0.19325559,0.00949345,4.983e-05,5674542.001450203,0.01890046391492576,0.07872493783537297,521.35766232,-278.1178796
518.0,0.19323198,0.00948151,5.291e-05,5652664.728882041,0.018827263268864938,0.07949178329092148,520.06815282,-278.0848668
519.0,0.19321689,0.00952014,5.478e-05,5710465.850582071,0.019019668270132278,0.07873138718265366,525.85407987,-278.07058745
520.0,0.19323794,0.00955043,5.695e-05,5706054.852809957,0.019005246147727944,0.07931247326683487,524.79885796,-278.09482304
521.0,0.19290861,0.0095331,5.646e-05,5734336.352782295,0.019095702478952394,0.07729100229353711,537.61282221,-278.05670112
522.0,0.19311239,0.00952317,5.791e-05,5745134.913210305,0.01913392065194748,0.07961124813416212,532.29421839,-278.04988895
523.0,0.19318106,0.00952411,5.826e-05,5697542.77599703,0.01897618214236356,0.08240522755898216,525.76757119,-278.13124192
524.0,0.19316351,0.00951115,5.804e-05,5728249.461259637,0.019078231088140864,0.08081813794224475,529.14460381,-278.04661387
525.0,0.19317655,0.00952844,5.884e-05,5721759.784390054,0.01905678925669966,0.07951253064596685,528.14218908,-278.0975741
526.0,0.19317993,0.00953948,5.982e-05,5701183.510088204,0.018988305622946483,0.07987830827361593,526.13866126,-278.06770538
527.0,0.19317131,0.0094959,6.088e-05,5679594.090534735,0.018916193600044446,0.08149624956394884,524.4082261,-278.07936466
528.0,0.19318014,0.00949161,5.888e-05,5637570.880482401,0.01877635090747489,0.07959828741750724,520.25937423,-278.0767446
529.0,0.1931826,0.00950436,5.638e-05,5593456.995677939,0.018629517091534327,0.08148635069661697,516.11554564,-278.06718137
530.0,0.19318743,0.00949741,5.458e-05,5619579.390432377,0.01871658481390843,0.0809233423862966,518.37948474,-278.0973121
531.0,0.19314359,0.00944415,5.336e-05,5722397.310072792,0.019058439536712,0.07914556453402694,529.218499,-278.09770511
532.0,0.19321453,0.00943982,5.222e-05,5655163.897288899,0.018835313598622925,0.08008648150071887,520.83005066,-278.07491056
533.0,0.19327161,0.00944456,5.208e-05,5787763.426975147,0.019277615481429793,0.08090457871754649,531.25436366,-278.09416802
534.0,0.19328536,0.00946745,4.981e-05,5693193.666982286,0.018962863912249606,0.08254137444215386,522.15217239,-278.08185372
535.0,0.19332633,0.00947129,4.893e-05,5709674.883375918,0.01901823948071582,0.08165619484715131,522.3979894,-278.07962667
536.0,0.19331236,0.00948147,5.232e-05,5799304.137358783,0.019316596275719664,0.07940485450856899,531.03613539,-278.05316403
537.0,0.19327592,0.00951356,5.381e-05,5648176.756671575,0.01881285794686377,0.08094416301758056,518.31337166,-278.07477955
538.0,0.1932441,0.00955411,5.484e-05,5658956.922239527,0.01884848381001569,0.07896308679544706,520.27955654,-278.10726834
539.0,0.19323352,0.00954463,5.16e-05,5648769.813466378,0.01881446327854955,0.08019186594615327,519.66702299,-278.09587106
540.0,0.19320139,0.00948462,5.02e-05,5687259.672810333,0.018942193874481757,0.0783431884453348,524.19399188,-278.07595858
541.0,0.19316033,0.00946508,5.077e-05,5738356.916597424,0.019111866331113166,0.0792025385901619,530.17730017,-278.12063066
542.0,0.19314175,0.009443,5.162e-05,5704115.674130546,0.018997555338523462,0.08152843283207961,527.58545546,-278.06967043
543.0,0.19314862,0.0094428,5.243e-05,5676842.965068013,0.01890678773569714,0.07781653963037252,524.85134673,-278.05578409
544.0,0.19311259,0.00945057,5.118e-05,5659746.058289552,0.01884948113170996,0.08069798583132426,524.37493171,-278.05801115
545.0,0.19310623,0.00944713,5.18e-05,5596860.450417893,0.018639957639223315,0.07694502053360013,518.74082874,-278.07753062
546.0,0.19312717,0.00948683,5.344e-05,5681330.770335746,0.018921575893631033,0.07874994265261132,525.92798887,-278.10084918
547.0,0.19307707,0.0094791,5.532e-05,5672255.557207091,0.018890748211562166,0.07795094625377356,526.62374154,-278.08316376
548.0,0.19309812,0.00945163,5.715e-05,5683531.8438909175,0.018928450634931978,0.07948893336278551,527.02129332,-278.07517256
549.0,0.19310818,0.00943794,5.856e-05,5697919.657591146,0.01897642962963683,0.08014108967904493,528.04395293,-278.08408078
550.0,0.19311115,0.00942571,5.812e-05,5616265.085894433,0.01870449904738293,0.07744300808911156,520.38577034,-278.09836012
551.0,0.19308929,0.00942678,5.564e-05,5627876.274286235,0.018742966174218653,0.07802595576594472,522.12835162,-278.11853461
552.0,0.19308231,0.00947906,5.696e-05,5657222.740164353,0.01884071721260222,0.07755346629684529,525.06719291,-278.05565309
553.0,0.19313179,0.00951568,5.808e-05,5659125.445912724,0.018847666757830055,0.0790544794623211,523.73081443,-278.06678836
554.0,0.19313405,0.00950596,5.558e-05,5657295.995377166,0.01884161475031067,0.076892663736773,523.49282319,-278.08224673
555.0,0.19328762,0.00953445,5.239e-05,5619639.405228398,0.01871800079646029,0.07829377837514168,515.34033926,-278.06914642
556.0,0.19299494,0.00956306,5.078e-05,5700109.976846079,0.01898284454225318,0.07921206665867248,531.74819524,-278.08421178
557.0,0.19306198,0.00959348,4.96e-05,5618795.592860045,0.018712869734301397,0.07770512056033028,522.12819673,-278.11748659
558.0,0.19306023,0.0095976,4.87e-05,5637548.287153249,0.018775326568048825,0.07803744886409039,523.92462134,-278.04045672
559.0,0.19308559,0.00961044,4.994e-05,5712903.47070111,0.01902658418067847,0.07764030271364102,530.14453666,-278.02106825
560.0,0.19307964,0.00960394,5.11e-05,5611264.869878615,0.018687984567475675,0.07704302137852778,520.89255229,-278.05866616
561.0,0.19306301,0.00956351,5.521e-05,5626714.159860789,0.01873910621046272,0.0795577189945091,522.82869344,-278.0560461
562.0,0.19306157,0.00952476,5.634e-05,5640125.903280263,0.018783656160505712,0.07709871815865739,524.11593836,-278.06953943
563.0,0.19309155,0.00948633,5.819e-05,5616753.509160188,0.018706038751358966,0.07856500396304636,521.03034601,-278.00181079
564.0,0.1930088,0.0094845,6.024e-05,5700527.088012678,0.0189840766795293,0.07793375008876219,531.35123335,-278.11447351
565.0,0.19306906,0.00946107,5.828e-05,5628322.229215688,0.01874426275699508,0.07902640800079717,522.7863301,-278.09403702
566.0,0.1930703,0.00947423,5.477e-05,5601466.388955416,0.0186549166906644,0.07686835100994245,520.25672827,-278.10451727
567.0,0.19306444,0.00952386,5.604e-05,5680949.88103016,0.018919649279606383,0.07772193953333041,527.82131459,-278.03888468
568.0,0.19308641,0.00956601,5.706e-05,5679010.067056811,0.018913510657266826,0.07801485884923695,526.96844669,-278.05316403
569.0,0.19307019,0.00956641,5.346e-05,5619476.3078556,0.018715112585606663,0.0764371683544281,521.93865017,-278.09875313
570.0,0.19300757,0.0095396,5.185e-05,5659045.70486844,0.01884616374394426,0.08042158417950007,527.529221,-278.10176621
571.0,0.19302543,0.00954741,5.02e-05,5609001.223270926,0.018679739866536888,0.0777890523389299,522.32355554,-278.05447406
572.0,0.19298581,0.00954598,4.94e-05,5591449.1271446515,0.018620858909982718,0.07793604681123695,521.88724004,-278.06207225
573.0,0.19301897,0.00951094,4.931e-05,5742804.4266190035,0.01912520686021558,0.07546014479223101,534.98258741,-278.08591482
574.0,0.19303909,0.00949386,4.875e-05,5655655.306429215,0.018835169935500492,0.07745161265999319,526.24789952,-278.05919018
575.0,0.19305366,0.00950808,4.916e-05,5642582.896478086,0.018791820828058112,0.08061933936122202,524.58741422,-278.07739962
576.0,0.19304443,0.00951528,5.186e-05,5620465.967904942,0.018718037470041665,0.0779399226696829,522.81136705,-278.14735531
577.0,0.19301229,0.00952108,5.498e-05,5646641.055626462,0.018804819093199896,0.0774091465495881,526.22629146,-278.11591455
578.0,0.19304104,0.00950906,5.662e-05,5596688.578733421,0.018638730628968196,0.07945318265942859,520.69982567,-278.07897165
579.0,0.19320981,0.00953592,5.741e-05,5616097.990297373,0.018705277587337345,0.08028348727609783,517.37929737,-278.0314175
580.0,0.19309309,0.00953809,5.793e-05,5660942.4115788825,0.018853338633648985,0.07882596589719626,525.08554913,-278.10307624
581.0,0.19306876,0.00952043,5.465e-05,5667767.228002136,0.018875807434702196,0.0803328288497041,526.46470925,-278.11879662
582.0,0.19309329,0.0095432,5.15e-05,5658535.127441329,0.018845429597738828,0.08034512863146531,524.85892635,-278.09246498
583.0,0.19307194,0.00956004,5e-05,5607457.089202124,0.018675140002189068,0.07843467812726175,520.77040654,-278.07962667
584.0,0.1930935,0.00954528,4.931e-05,5585899.698926686,0.0186035601077334,0.0815342427715722,518.11641884,-278.09691909
585.0,0.19311772,0.00952693,5.176e-05,5593618.904754439,0.018629459578138694,0.08029049475323381,518.09725151,-278.08525981
586.0,0.19302348,0.00953134,5.259e-05,5588906.541375909,0.01861272756160993,0.080513895212911,520.50929849,-278.10949539
587.0,0.19307923,0.0095109,5.075e-05,5569708.619966588,0.018549386148295176,0.08230121134788577,517.04187638,-278.04884093
588.0,0.19305993,0.00953281,5.018e-05,5719879.786202619,0.019049356551187075,0.0835267179317432,531.58103876,-278.08984492
589.0,0.19308169,0.00957974,4.962e-05,5664413.766255279,0.018864986021949446,0.08226028168860086,525.7625963,-278.09862213
590.0,0.19308662,0.00952554,4.924e-05,5590426.298162751,0.01861851893837594,0.08014032458311572,518.74311301,-278.13923311
591.0,0.19308857,0.00953972,5.263e-05,5644867.4550250545,0.01879983368549638,0.08278042771813106,523.73468951,-278.08408078
592.0,0.19305418,0.00957484,5.195e-05,5695426.931406682,0.018967920316150154,0.08030528640390884,529.48739011,-278.10831637
593.0,0.19305767,0.0096169,5.175e-05,5573176.79179599,0.0185609121163934,0.08135343505862007,518.01953434,-278.08355677
594.0,0.19301352,0.00960647,5.34e-05,5641681.837398916,0.018788524989485102,0.08194538591691596,525.73236403,-278.0806747
595.0,0.19297031,0.00961445,5.473e-05,5650964.476380882,0.01881895652560044,0.08061210999817033,527.91770136,-278.11250847
596.0,0.19297287,0.00959605,5.458e-05,5609787.186987651,0.018681817982882373,0.08240158108119917,523.99200814,-278.08709385
597.0,0.19299053,0.00961714,5.643e-05,5556005.418261113,0.018502923939749696,0.0813354876483062,518.43858578,-278.11421151
598.0,0.19294875,0.00963607,5.557e-05,5588014.55225693,0.018609116458080083,0.08277160876721991,522.68900144,-278.0434698
599.0,0.1929391,0.00962908,5.533e-05,5588505.171015475,0.018610632749884483,0.08216587947973286,523.02605342,-278.0684914
600.0,0.19294813,0.0096348,5.452e-05,5640672.338902011,0.018784482416756124,0.0815260440961107,527.63361543,-278.04713788
601.0,0.19299874,0.00965103,5.592e-05,5650544.380218519,0.01881793503415884,0.08215981891791262,527.01152415,-278.03272753
602.0,0.19292442,0.00964212,5.599e-05,5549154.274944826,0.018479445734891416,0.08194672803525732,519.78400584,-278.08748686
603.0,0.19299628,0.0096059,5.438e-05,5587130.789304853,0.01860664843304871,0.08321736497937622,521.16945227,-278.09469204
604.0,0.19293951,0.00958628,5.466e-05,5634525.872022628,0.018763811189893558,0.08100409401187114,527.31828806,-278.14525926
605.0,0.19296528,0.00960966,5.608e-05,5617131.819884056,0.018706200647276676,0.08321019181146713,524.90892187,-278.06613334
606.0,0.19296066,0.00961322,5.642e-05,5623489.662354986,0.01872732514015904,0.08049272110017315,525.64354977,-278.10333824
607.0,0.19297585,0.00957622,5.555e-05,5556233.762420575,0.018503449655585764,0.08524706684211111,518.89875969,-278.0641683
608.0,0.19294341,0.00959728,5.635e-05,5614720.642534492,0.01869789878846723,0.08266360722686106,525.34636048,-278.08054369
609.0,0.19299494,0.00960791,5.605e-05,5590460.7991358265,0.018617703461203214,0.08197393495032923,521.51984878,-278.05761814
610.0,0.19299659,0.0095638,5.359e-05,5616772.982176364,0.018705289345886437,0.07938633323130227,523.9229222,-278.05630811
611.0,0.1929738,0.00954205,5.195e-05,5657890.914927644,0.018841946080146624,0.08063573497912027,528.45477179,-278.08263974
612.0,0.19299576,0.00955182,5.122e-05,5554053.536297301,0.018496417379567583,0.08117614406824986,518.09746665,-278.09377501
613.0,0.19293047,0.00955342,5.257e-05,5642319.996300134,0.018789626183494643,0.08164766420400597,528.32207474,-278.07753062
614.0,0.19295552,0.00953886,5.268e-05,5593266.072044793,0.0186265133815732,0.08105283485657039,522.97070943,-278.05696312
615.0,0.19296466,0.0095436,5.328e-05,5533887.403508149,0.01842887334000728,0.08118910473487845,517.14553927,-278.02683239
616.0,0.19296887,0.00951712,5.275e-05,5561467.503489565,0.01852071753400595,0.07966154843390777,519.59501752,-278.07294551
617.0,0.1929391,0.0095203,5.776e-05,5591077.624977076,0.018618930938783054,0.08174281710846187,523.25926253,-278.07189748
618.0,0.19298817,0.00952574,5.983e-05,5601067.791872987,0.018652721405378662,0.08021442808801364,522.70802714,-278.09888414
619.0,0.19299115,0.00952627,5.89e-05,5618793.970308067,0.01871180098119326,0.07976147862529004,524.27226891,-278.05119898
620.0,0.19300952,0.00949308,5.952e-05,5695460.048205319,0.018967239746577543,0.07953757101103773,530.85762558,-278.09652608
621.0,0.19305818,0.00948813,6.157e-05,5622264.336438153,0.018723977638015765,0.07863430522096458,522.55479176,-278.0891899
622.0,0.19308498,0.00951172,6.174e-05,5597697.456009154,0.018642504760685477,0.08023258776239221,519.46163152,-278.07124247
623.0,0.1930745,0.00953588,6.009e-05,5555943.202964046,0.018503407806750274,0.0788474233276698,515.90362396,-278.07884065
624.0,0.19304217,0.00959004,5.714e-05,5548183.133864554,0.018477369102624878,0.07964905898689263,516.15773472,-278.05264002
625.0,0.19296712,0.0096346,5.694e-05,5624216.304508359,0.018729854892400553,0.0769998051110583,525.515924,-278.06364428
626.0,0.19294012,0.0096543,5.765e-05,5726602.031822812,0.019070549927408684,0.08037090020706063,535.91928915,-278.07307651
627.0,0.19315745,0.00968059,5.893e-05,5545715.565316626,0.018470573259180462,0.08003734106786305,512.47447741,-278.11761759
628.0,0.19296959,0.00968917,5.773e-05,5500286.217091066,0.018317271291971648,0.07745393787507057,513.86578954,-278.07451755
629.0,0.19294669,0.00964645,5.688e-05,5626550.629806001,0.018737429011928576,0.07798514147409973,526.35609713,-278.08945191
630.0,0.19289362,0.00961886,5.897e-05,5566832.257323957,0.01853788545830101,0.07950723843347643,522.36376096,-278.05342604
631.0,0.19297472,0.00955509,6.015e-05,5660893.56847136,0.018851862856546896,0.07725032293713968,528.70434293,-278.07045645
632.0,0.19298796,0.0095248,5.835e-05,5506114.0109462105,0.0183365225728824,0.08107379975402527,513.85331343,-278.13124192
633.0,0.19306886,0.00951785,5.626e-05,5742782.198973603,0.01912560697073478,0.07813878204122744,533.42864159,-278.09560906
634.0,0.19306516,0.00954479,5.817e-05,5549660.924867597,0.01848243031713381,0.08000551402240791,515.60197153,-278.07543457
635.0,0.19302985,0.00953343,5.927e-05,5548814.015239634,0.018479184646732472,0.07872495031796141,516.58183246,-278.11263947
636.0,0.19306629,0.00952856,5.971e-05,5587747.6574143,0.018609228496290844,0.07773317639066929,519.10477273,-278.06115522
637.0,0.19306372,0.00952505,5.791e-05,5565162.055477375,0.018534000801239257,0.07908675430566095,517.08432163,-278.08997592
638.0,0.19306783,0.00951724,5.594e-05,5658825.602106322,0.01884599213585524,0.07909436679757298,525.66169429,-278.09246498
639.0,0.19303683,0.00951413,5.46e-05,5593985.169872727,0.018629721493011016,0.07899800021546143,520.57675502,-278.04635186
640.0,0.1930819,0.00951483,5.398e-05,5621674.403142341,0.018722443819553358,0.07811522873070391,521.78367359,-278.06574033
641.0,0.19307851,0.0095098,5.379e-05,5608773.214806955,0.018679432280681398,0.07997562476474701,520.68877629,-278.10857837
642.0,0.19305654,0.00955763,5.414e-05,5586933.496981904,0.018606553408648977,0.07704713025308065,519.32780983,-278.06285826
643.0,0.19308723,0.00958722,5.431e-05,5596530.602801831,0.018638913704207952,0.07760163355812368,519.29251136,-278.07084946
644.0,0.19298858,0.00963766,5.497e-05,5479273.896185009,0.018247431221183788,0.08018451070664047,511.33823137,-278.04543484
645.0,0.19296692,0.00964302,5.371e-05,5504532.866921217,0.018331345213096484,0.08089206189865135,514.34084604,-278.05001995
646.0,0.19292257,0.00965042,5.495e-05,5536520.908144289,0.01843738737985473,0.07918703600239896,518.65685909,-278.0641683
647.0,0.19288623,0.00967118,5.704e-05,5571338.699324478,0.01855295093240185,0.07857578091832444,523.01308073,-278.07294551
648.0,0.19287791,0.0096644,5.704e-05,5581609.29348083,0.01858704681545093,0.07700102142823978,524.22761354,-278.1015042
649.0,0.1929004,0.00961363,5.838e-05,5563638.132034492,0.018527320501285034,0.07744157456682084,521.8602704,-278.08761786
650.0,0.19283551,0.00961923,5.657e-05,5556389.015901769,0.01850250870751286,0.0798900622276013,523.12913501,-278.11028141
651.0,0.19286785,0.00961167,5.413e-05,5623749.993794279,0.018727195232761826,0.07523378524003632,528.48918372,-278.09272699
652.0,0.19292216,0.00959679,5.176e-05,5526715.331354857,0.01840466145497251,0.078564515965784,517.74864616,-278.09927715
653.0,0.1929625,0.00956613,4.981e-05,5568189.95271309,0.018543182055585933,0.07937907897308744,520.41878685,-278.0890589
654.0,0.19294598,0.0095851,4.999e-05,5578702.335409943,0.018578047013514346,0.0790120709248063,521.90076197,-278.10294523
655.0,0.19291241,0.00960901,5.055e-05,5594598.579158009,0.018630657795377606,0.07896862690978193,524.40412293,-278.05106798
656.0,0.19289403,0.00964539,4.956e-05,5561845.643787575,0.01852147747589745,0.07944318721341267,521.88894598,-278.0848668
657.0,0.19288684,0.00965115,4.884e-05,5675886.2382620275,0.018901186431004764,0.08059737182996468,532.81085578,-278.07857864
658.0,0.19295871,0.00960586,5.044e-05,5627288.244953123,0.01874002558563833,0.07944866630915942,526.05996563,-278.1054343
659.0,0.19298786,0.0095647,5.366e-05,5645235.914733771,0.01879998218770357,0.0805626431492004,526.84423319,-278.07831664
660.0,0.1929702,0.00961776,5.614e-05,5613085.311028986,0.018692795798408445,0.0792326321966199,524.38173151,-278.0726835
661.0,0.1931401,0.00961788,5.773e-05,5509340.903425751,0.01834912110437392,0.07954926336151481,509.62709286,-278.09678809
662.0,0.19295552,0.00960222,5.95e-05,5497277.596846475,0.018306891211369827,0.08026798301663506,513.99677911,-278.08316376
663.0,0.19303098,0.00961187,5.967e-05,5634619.073354142,0.018765116646016603,0.07893210784451575,524.54024762,-278.07111146
664.0,0.1929815,0.00962556,5.822e-05,5557636.578601544,0.018508249384277052,0.08132043460987219,518.86199406,-278.0806747
665.0,0.19293201,0.00959053,5.537e-05,5583956.724053585,0.018595324726297,0.0803655017219403,522.8118064,-278.07700661
666.0,0.19298817,0.00958698,5.595e-05,5511178.593562914,0.018353556772650173,0.08111566978058961,514.32449148,-278.06521632
667.0,0.19299053,0.00959482,5.816e-05,5527888.503591475,0.01840921517069965,0.08060108162296414,515.81293365,-278.06377529
668.0,0.19297267,0.009575,5.492e-05,5480819.58994057,0.01825227646774487,0.07922645420402452,511.95027224,-278.11250847
669.0,0.19292442,0.00956208,5.254e-05,5522440.7907970315,0.018390366556527978,0.08050855843342347,517.27841485,-278.10910238
670.0,0.1929623,0.00956785,5.438e-05,5477378.045886616,0.018240696403259447,0.07977135458967151,511.93559659,-278.10320724
671.0,0.19293119,0.00956723,5.611e-05,5491561.5546896085,0.01828756792299332,0.08091346549972395,514.183778,-278.0602382
672.0,0.19291887,0.00960431,5.869e-05,5580927.305490233,0.018585073130102516,0.08017135687935156,522.9239731,-278.12154769
673.0,0.19290204,0.0096041,5.927e-05,5494143.985800113,0.018295884827819183,0.0816067059036402,515.29214045,-278.07831664
674.0,0.19290122,0.00961755,5.67e-05,5501089.440397623,0.018319070080054,0.07946527046445367,515.96980275,-278.09049993
675.0,0.19291918,0.00962168,5.394e-05,5518080.242960588,0.018375894369649204,0.08076138941246276,517.02907955,-278.05237801
676.0,0.19289198,0.00966007,5.237e-05,5502732.711874671,0.018324594129139508,0.08297101365762843,516.40294249,-278.06731237
677.0,0.19293335,0.0096041,5.196e-05,5528307.990701381,0.018410099532046,0.08201775305630794,517.5638746,-278.07622059
678.0,0.1929855,0.00956453,5.198e-05,5541185.310718766,0.018453467084094042,0.08180949992971855,517.20506532,-278.09416802
679.0,0.1930009,0.0095501,5.254e-05,5617980.217997365,0.01870934328179189,0.07871709046807496,523.90417731,-278.07766162
680.0,0.193055,0.00954422,5.277e-05,5586819.368062806,0.01860614770017288,0.07850377545318288,519.36348285,-278.09547805
681.0,0.19309031,0.00955497,5.454e-05,5546553.455596912,0.018472429525769857,0.08311108675244912,514.5608223,-278.07766162
682.0,0.19309031,0.00956494,5.778e-05,5545753.005939297,0.01846973795778302,0.07885243585439194,514.48584702,-278.08958291
683.0,0.19308662,0.00958195,5.792e-05,5618524.987404012,0.01871209369925352,0.08241097881208188,521.35026252,-278.07517256
684.0,0.19304401,0.00960905,5.756e-05,5526179.6257777745,0.018404143962148553,0.08029365409665287,514.05643922,-278.09862213
685.0,0.19302451,0.00964727,5.891e-05,5582220.057315952,0.018590626614534287,0.0816511925514074,519.85993895,-278.12089267
686.0,0.19303406,0.00963296,5.981e-05,5573615.199476497,0.01856203059729147,0.08093054068253204,518.76963214,-278.09862213
687.0,0.19301198,0.00962663,5.938e-05,5513090.260857301,0.01836021554311946,0.08082371558057233,513.79396295,-278.01753117
688.0,0.19306496,0.0095674,5.654e-05,5652684.20711939,0.01882560683904801,0.07950607404563564,525.18186303,-278.1058273
689.0,0.19307994,0.00956413,5.426e-05,5575261.84890205,0.018567950976139055,0.08207687649224608,517.53745995,-278.10635132
690.0,0.19312162,0.0095405,5.571e-05,5640231.20095313,0.01878471545938257,0.07944247873004089,522.29478809,-278.09233398
691.0,0.19309432,0.00954769,5.558e-05,5582065.305030023,0.01859071265698519,0.08020605432893628,517.73356467,-278.08329476
692.0,0.19299546,0.00959278,5.394e-05,5540530.461022192,0.018451426393477695,0.08027572463994173,516.8465571,-278.10242122
693.0,0.19294136,0.00962479,5.412e-05,5521523.706105703,0.018387606480554024,0.07910971448550065,516.69011906,-278.06652635
694.0,0.19289105,0.00966121,5.5e-05,5596586.176751355,0.018637088349882446,0.07932117133387746,525.23752829,-278.07726861
695.0,0.19287155,0.00963991,5.418e-05,5566028.842292029,0.01853508275741479,0.07794203694453977,522.95540581,-278.10373125
696.0,0.19287997,0.0096086,5.25e-05,5525902.012670014,0.01840150846421679,0.07719651996166499,518.93277158,-278.08617683
697.0,0.19284958,0.00957802,5.079e-05,5594986.424381851,0.018631187366914694,0.07722996285342103,526.3378427,-278.09993216
698.0,0.19286108,0.00956519,5.181e-05,5518837.323449077,0.018377695591391782,0.08060474615170227,518.83026251,-278.09403702
699.0,0.19284229,0.00953118,5.354e-05,5538816.081155376,0.01844392253727844,0.07935773068215675,521.26788452,-278.08958291
700.0,0.19291312,0.00953105,5.344e-05,5463593.333814301,0.018194198414123904,0.07758983625449964,512.09750182,-278.10831637
701.0,0.19294249,0.00951695,5.348e-05,5607476.178085853,0.018673632884103494,0.07825333966519588,524.69286093,-278.11080543
702.0,0.19290594,0.00956323,5.381e-05,5458637.141867955,0.018177678800987015,0.07785765352600803,511.84668991,-278.09220297
703.0,0.19290204,0.00959699,5.445e-05,5496204.860112487,0.018302801901742334,0.07732596491644694,515.48695549,-278.11604555
704.0,0.19293838,0.0096326,5.482e-05,5591407.694488595,0.018620305693188958,0.0781772742151713,523.31983717,-278.10818536
705.0,0.19292257,0.00965545,5.498e-05,5497451.136376025,0.018307289751473114,0.07900985324766224,514.99712,-278.0477929
706.0,0.1928927,0.00965275,5.398e-05,5603711.624238219,0.0186608316321692,0.07670755885738698,525.85642364,-278.07622059
707.0,0.1928969,0.0096346,5.606e-05,5532153.86103902,0.018422515452858907,0.07676392224444802,519.01363326,-278.07333852
708.0,0.19286457,0.00966076,5.758e-05,5538889.832538832,0.018444627796690295,0.07766714910251396,520.61433405,-278.06980143
709.0,0.19284065,0.00966047,5.733e-05,5584556.983708433,0.018596440419042466,0.07753990942795275,525.62845663,-278.1262638
710.0,0.19282207,0.00968226,5.5e-05,5533412.61685764,0.018426008323434287,0.07857344924654283,521.37233309,-278.04884093
711.0,0.19284855,0.00968799,5.649e-05,5571953.134510605,0.01855462759687819,0.07819307928473124,524.20622191,-278.08329476
712.0,0.19276673,0.00968794,5.456e-05,5491340.441508254,0.018285329447221263,0.07844827672153437,519.04979653,-278.04163575
713.0,0.19280708,0.00969898,5.493e-05,5522344.091298386,0.018389023990082576,0.0790356670305036,520.77754052,-278.10320724
714.0,0.19281221,0.00969023,5.669e-05,5478389.475052879,0.018242669948046002,0.07943931016153166,516.4793345,-278.08277075
715.0,0.19285153,0.00965209,5.714e-05,5554490.769126487,0.018496424572893532,0.0787797375084324,522.47161108,-278.10242122
716.0,0.19287791,0.00960995,5.549e-05,5498646.394001751,0.01831068359632935,0.0789451869428423,516.43308696,-278.09312
717.0,0.19290019,0.00958448,5.28e-05,5521127.492894321,0.01838577348461503,0.07754122255424475,517.8794946,-278.1139495
718.0,0.19285081,0.00958988,5.243e-05,5522875.538978532,0.018391074454610957,0.07956441818526126,519.51743058,-278.05395005
719.0,0.19290245,0.00960836,5.309e-05,5494149.295687224,0.018296004596107713,0.08296885243433884,515.28319702,-278.11827261
720.0,0.19286672,0.00961473,5.481e-05,5457695.469369879,0.018174215048207206,0.0802654375950926,512.9174954,-278.04438682
721.0,0.19283859,0.00960406,5.704e-05,5562940.344893151,0.018524318883743576,0.08089108284210152,523.65227837,-278.06993244
722.0,0.1928696,0.00963112,5.528e-05,5548827.236349713,0.018477744829408737,0.08256442007688533,521.39673128,-278.09010692
723.0,0.19286785,0.00960181,5.285e-05,5480739.394550617,0.018250964810776222,0.08023477992772333,515.04976453,-278.04844792
724.0,0.19288664,0.00958207,5.141e-05,5585884.082059926,0.018601283975150578,0.08495368422957031,524.3630819,-278.10019417
725.0,0.19290173,0.00958955,5.101e-05,5580974.670348492,0.01858512297918289,0.0840388464887364,523.44773527,-278.13373098
726.0,0.1929352,0.00961461,5.06e-05,5505452.959449864,0.018334050592917508,0.0842245155185695,515.37036117,-278.10320724
727.0,0.19292832,0.00962021,5.142e-05,5547843.073224241,0.018475141465641713,0.08530767072981593,519.54477281,-278.0768756
728.0,0.19293694,0.00957622,5.547e-05,5516100.055979678,0.01836937474516831,0.08644078346344004,516.31076143,-278.10805436
729.0,0.19293612,0.00955983,5.746e-05,5581796.294762623,0.018588079225160578,0.08914882867093812,522.48295056,-278.07726861
730.0,0.19292524,0.00956498,5.68e-05,5561465.462490546,0.018520276507064407,0.09163805435189001,520.90754363,-278.0974431
731.0,0.19292072,0.00960566,5.674e-05,5537999.6667975355,0.018442170821892732,0.09456937527411573,518.84729222,-278.08198473
732.0,0.19297328,0.00964531,5.55e-05,5602379.376035807,0.01865724512853907,0.09349454505802851,523.29021988,-278.1055653
733.0,0.19292893,0.00963088,5.472e-05,5543067.904367123,0.01845922098735926,0.09699175492688976,519.07842693,-278.09822912
734.0,0.19294474,0.00963493,5.628e-05,5577010.443540061,0.018572413980533324,0.09463629023341397,521.78003089,-278.08617683
735.0,0.19291323,0.00961465,5.788e-05,5576590.847278116,0.018570604265378442,0.0981235592295038,522.68876976,-278.09102395
736.0,0.19298694,0.00959388,5.861e-05,5547544.2866972145,0.018474626036866726,0.10294048088453554,517.75455601,-278.09102395
737.0,0.19295152,0.00961203,6.008e-05,5564821.066074292,0.018531791417215608,0.10139739723464611,520.43288835,-278.07805463
738.0,0.19300654,0.00957851,6.05e-05,5669657.46474005,0.018881448773694562,0.10850562253594143,528.548685,-278.02984547
739.0,0.19296445,0.00960304,5.695e-05,5558397.410583738,0.018510567224406013,0.10559696087441302,519.4442406,-278.09364401
740.0,0.19293058,0.00966272,5.634e-05,5597368.722091758,0.018640113371695955,0.10867532444845839,524.11497298,-278.12063066
741.0,0.19286991,0.00968745,5.617e-05,5531167.981546455,0.018419048966941548,0.10746473229278182,519.73117925,-278.07700661
742.0,0.19287565,0.00969138,5.632e-05,5526393.461051849,0.018403218197453015,0.11215928341098458,519.11105752,-278.09377501
743.0,0.19292134,0.00969081,5.85e-05,5587398.567660175,0.018606838233093646,0.1103453250613148,523.46121275,-278.1304559
744.0,0.1928657,0.00965291,5.942e-05,5577548.17752363,0.018573329773772667,0.10992074095167109,524.21267065,-278.09023793
745.0,0.19293745,0.0096552,5.882e-05,5586673.124870615,0.018604518593955156,0.10546023350311463,522.90432735,-278.07111146
746.0,0.19289988,0.00963488,5.721e-05,5574684.101403351,0.0185641611108813,0.10469462677142058,522.91358358,-278.08617683
747.0,0.19295706,0.0095945,5.751e-05,5598125.207337939,0.0186427607992381,0.10384422783586242,523.37981103,-278.11224646
748.0,0.1929625,0.00961481,5.782e-05,5531604.651046647,0.01842133317274347,0.10662293396961534,516.99906916,-278.08971391
749.0,0.19306516,0.00959033,5.809e-05,5502356.310515479,0.018324985486803762,0.10403143529103669,511.20975345,-278.08787987
750.0,0.19291138,0.00960668,5.901e-05,5488642.351258888,0.01827767404884111,0.09882789357497998,514.49931858,-278.13268296
751.0,0.19292247,0.00960488,5.964e-05,5478068.224049477,0.018242568017202688,0.10139848779180748,513.17952185,-278.05237801
752.0,0.19286652,0.00961616,5.678e-05,5469374.1270685345,0.01821307786630728,0.09789342081144713,514.02042169,-278.06770538
753.0,0.19292996,0.00959531,5.583e-05,5506338.895079162,0.018336828205874154,0.0973268095809114,515.60584457,-278.10936439
754.0,0.19274651,0.0096039,5.567e-05,5528381.5156037845,0.018408256037149375,0.09531433016829091,523.1491948,-278.05670112
755.0,0.19299145,0.00954863,5.355e-05,5630254.959360565,0.018750098741588707,0.09430422167661241,525.33583605,-278.13189694
756.0,0.19301568,0.00954904,5.21e-05,5575853.209924574,0.018569215499048282,0.09257980633444375,519.53008601,-278.09993216
757.0,0.19324687,0.009618,5.184e-05,5528288.05981541,0.01841346889236502,0.09044691588048574,508.18795109,-278.11146044
758.0,0.19262496,0.00966697,5.045e-05,5491802.253785523,0.018285346457821258,0.08898997373415504,523.29688627,-278.07491056
759.0,0.19365227,0.00968933,5.158e-05,5587456.358171738,0.018615133647724824,0.09032403901950399,501.35702955,-278.11591455
760.0,0.19445629,0.00971423,5.3e-05,5540690.725549447,0.018468023865349115,0.08769072757076084,472.94881474,-278.07477955
761.0,0.19272074,0.009728,5.34e-05,5446574.163061763,0.01813587095806153,0.08807831844729862,516.17383751,-278.10281423
762.0,0.19246943,0.00968819,5.23e-05,5495345.489007677,0.018295473752949206,0.08693241787982744,528.24540663,-278.06560933
763.0,0.19311095,0.00967413,5.291e-05,5451039.776231206,0.01815482035021742,0.08642289355234621,505.09904255,-278.09600207
764.0,0.1928272,0.00968831,5.411e-05,5505110.644463181,0.018331845258654583,0.0842312018894712,518.55373093,-278.09180997
765.0,0.19279815,0.00969522,5.202e-05,5468490.9899258055,0.01820963438003799,0.08616478588168969,515.96374695,-278.09613307
766.0,0.19269354,0.0097258,5.016e-05,5489073.497355514,0.018277131655367908,0.08499332456011603,521.00887564,-278.06888441
767.0,0.19296558,0.00972972,4.856e-05,5498610.782184575,0.018311865403353215,0.08501759538944864,513.83435471,-278.11250847
768.0,0.19286416,0.00970552,4.768e-05,5443676.576544964,0.018127795295621807,0.08243542423665581,511.68368562,-278.1097574
769.0,0.19277556,0.00963836,4.835e-05,5525227.919593655,0.018398250373011328,0.08025403702144068,521.98902643,-278.13753007
770.0,0.19294618,0.00960537,5.177e-05,5562367.100281507,0.018523667375506748,0.0839200448494971,520.36687491,-278.05146099
771.0,0.19284958,0.00958501,5.439e-05,5515983.18282404,0.0183680711320558,0.0838486490700575,518.90471305,-278.0642993
772.0,0.19296856,0.00957116,5.239e-05,5568574.951075522,0.01854450376853744,0.08086719842293823,520.27170076,-278.07988868
773.0,0.19298088,0.00955934,5.199e-05,5475528.178027399,0.018234752414231434,0.0795553911791858,511.21317283,-278.09246498
774.0,0.19283747,0.00957148,5.193e-05,5487795.726923904,0.01827408360760313,0.08106107044133602,516.61235738,-278.11591455
775.0,0.19288715,0.00958857,5.169e-05,5499868.474045942,0.018314862734833157,0.07903596485993565,516.2735659,-278.07451755
776.0,0.19280585,0.00964719,5.186e-05,5532981.952601577,0.018424368445427726,0.07932808636174736,521.81569217,-278.0974431
777.0,0.19279404,0.00963517,5.214e-05,5470763.535339587,0.018217029793662663,0.07970818611046852,516.29588,-278.07857865
778.0,0.19275678,0.00966951,5.437e-05,5490208.085659084,0.01828141512780649,0.07958495604857804,519.23696951,-278.09364401
779.0,0.19283285,0.00964886,5.524e-05,5548792.947824188,0.018477267402973122,0.08089050776954881,522.49630796,-278.11015041
780.0,0.19279753,0.00959748,5.343e-05,5498918.814210324,0.018310723528624125,0.07945472018204205,518.84655598,-278.09770511
781.0,0.1928814,0.00959021,5.222e-05,5550777.618458625,0.018484325942251346,0.07980699597768658,521.22472213,-278.06482331
782.0,0.19287483,0.00958722,5.062e-05,5486982.447671708,0.01827183097987678,0.07771296556242006,515.42953454,-278.07569658
783.0,0.19290543,0.00958195,5.078e-05,5527115.489781587,0.018405794774588834,0.07839584794004978,518.28546295,-278.05290202
784.0,0.19295747,0.00955877,5.007e-05,5515577.6860439805,0.01836789885517532,0.07730484311081365,515.65092591,-278.0851288
785.0,0.19305633,0.0095268,4.884e-05,5485020.607309357,0.018267154682783712,0.07750598841416377,509.86099866,-278.07936466
786.0,0.19306588,0.00956061,4.883e-05,5552062.171475764,0.018490604185398142,0.07709417980639384,515.8082005,-278.06993244
787.0,0.19303991,0.00957206,5.142e-05,5477680.318877606,0.01824259007941478,0.07996008741254097,509.66685694,-278.10726834
788.0,0.19305295,0.00961011,5.411e-05,5522532.109197777,0.018392145431359436,0.07882660228422939,513.45186277,-278.09285799
789.0,0.1930359,0.00962156,5.548e-05,5499875.050985599,0.018316508914609883,0.08058204091451143,511.85230466,-278.07517256
790.0,0.19301876,0.00963848,5.642e-05,5564050.7906302,0.018530071534469002,0.07648878659797181,518.34131906,-278.11316348
791.0,0.19288407,0.00962205,5.775e-05,5527137.610994092,0.018405620368576094,0.07905337322297924,518.92483481,-278.11892762
792.0,0.19285748,0.00960729,5.697e-05,5561333.910075992,0.018519184325472837,0.07836668355627581,522.93377208,-278.09770511
793.0,0.19289968,0.00960341,5.522e-05,5504804.501131591,0.0183314162961192,0.07718865273389526,516.36381918,-278.0974431
794.0,0.19288079,0.00964159,5.328e-05,5500141.667154872,0.01831579253982818,0.07949952874180975,516.49087699,-278.06678836
795.0,0.19285913,0.00967817,5.12e-05,5550118.689969253,0.018482090238536083,0.0796853684878351,521.83657173,-278.1013732
796.0,0.19276971,0.00968782,5.215e-05,5510848.341060523,0.018350354611096686,0.07867306874472475,520.80609296,-278.09351301
797.0,0.19282001,0.00966497,5.258e-05,5468710.762183928,0.018210530276790347,0.07832519627800623,515.33656022,-278.04753089
798.0,0.19279979,0.00964752,5.255e-05,5554667.203658094,0.0184965028925941,0.0776180722520384,524.0422805,-278.07071845
799.0,0.19280523,0.00967384,5.111e-05,5479569.638863749,0.01824656993050286,0.0779547038772917,516.79849404,-278.08539081
800.0,0.19283356,0.00969829,5.025e-05,5459124.727825966,0.018178857926812165,0.07638175972917101,514.0365365,-278.10346925
801.0,0.192831,0.00966072,5.022e-05,5458408.965304359,0.01817636873352974,0.08042925499631727,514.0426063,-278.11512853
802.0,0.19286056,0.00964527,5.171e-05,5531104.465928451,0.018418710658452395,0.08040397991707135,520.00367679,-278.11119843
803.0,0.19286754,0.00963092,5.334e-05,5506326.682933151,0.01833622198701365,0.08069620995113462,517.4650138,-278.09809812
804.0,0.19284568,0.00963456,5.423e-05,5426994.275754812,0.01807180420301954,0.08046383812861821,510.65061489,-278.10111119
805.0,0.19280667,0.00962422,5.678e-05,5538064.7329720715,0.018441182655956127,0.07941869667252822,522.26708499,-278.06259626
806.0,0.19283952,0.00963325,5.801e-05,5422090.0256879125,0.01805535108118223,0.08263155017116752,510.36798203,-278.0641683
807.0,0.19281478,0.00964649,5.815e-05,5515496.35503399,0.01836614776322235,0.08047854170423353,519.8979414,-278.12744283
808.0,0.19278377,0.00961857,5.754e-05,5468752.8874523435,0.018210111907845546,0.07912837666683306,516.40615942,-278.08853489
809.0,0.19284609,0.00960909,5.642e-05,5511531.164572503,0.018353229796995437,0.08112733161009088,518.59043749,-278.07504156
810.0,0.19277423,0.00959854,5.611e-05,5456197.579908129,0.01816818055078624,0.07997387831335073,515.50129283,-278.10229022
811.0,0.19276211,0.00960271,5.683e-05,5469823.724375708,0.018213421008377802,0.08132690243420825,517.14646051,-278.07988868
812.0,0.19275205,0.00962945,5.695e-05,5439339.323435842,0.01811186024873088,0.08005089859699357,514.56133482,-278.08670084
813.0,0.19272382,0.00965463,5.414e-05,5465159.0740407305,0.01819762335737024,0.08187295212818868,517.83958545,-278.09049993
814.0,0.19275462,0.00966992,5.377e-05,5496772.405971537,0.01830325922669338,0.07929922012270008,519.92204839,-278.05329503
815.0,0.19274836,0.00967409,5.224e-05,5526489.518206775,0.018402174586914195,0.07984895137888567,522.92064979,-278.07910266
816.0,0.19282463,0.00969661,5.26e-05,5512568.875693978,0.0183566923199015,0.08190732866970621,519.33379333,-278.08709385
817.0,0.19283182,0.00973099,5.532e-05,5472420.548807,0.018223110299948497,0.08149853496803197,515.33996743,-278.07163548
818.0,0.19280482,0.00971312,5.579e-05,5453536.835281246,0.01815989361500484,0.07983619884579624,514.35577713,-278.12560878
819.0,0.19279804,0.00968471,5.465e-05,5501492.323080309,0.01831946498881103,0.08100352953066708,519.07884152,-278.09993216
820.0,0.192808,0.00970254,5.379e-05,5484537.12530829,0.01826316317110913,0.07917945051181581,517.18550653,-278.04071873
821.0,0.19279538,0.00969187,5.276e-05,5509865.66106465,0.01834736089961181,0.08098549732659083,519.94951873,-278.07713761
822.0,0.19280718,0.00969837,5.256e-05,5488094.376170291,0.01827500859184234,0.08230168627698257,517.54554753,-278.12154769
823.0,0.19278018,0.00969408,5.408e-05,5474737.861033108,0.018230210247180537,0.0806970384107979,517.08344761,-278.05093698
824.0,0.19277115,0.00966771,5.677e-05,5477420.069174754,0.018238950306918262,0.08054389331641634,517.60134614,-278.12888386
825.0,0.19278254,0.00967405,5.557e-05,5558738.605386999,0.018509884005745776,0.0819576186486394,524.94452463,-278.07975767
826.0,0.19287268,0.00964956,5.56e-05,5497985.094697857,0.018308506722711438,0.08029646752491394,516.52881905,-278.09403702
827.0,0.19294505,0.00963345,5.696e-05,5517116.771190383,0.018372948082363623,0.0834368949120736,516.16688695,-278.10792336
828.0,0.19296815,0.00962258,5.793e-05,5562912.156813592,0.01852567011608504,0.08230495455153601,519.75579118,-278.07189748
829.0,0.19304894,0.00958514,5.724e-05,5499513.663252005,0.018315344347646326,0.08042998644788868,511.42809345,-278.09115495
830.0,0.19304052,0.0096243,5.45e-05,5464641.104405819,0.018199236872277678,0.08215998033160062,508.43725574,-278.15272644
831.0,0.19298211,0.00967192,5.319e-05,5465837.668670639,0.0182027126209015,0.08249468194966411,510.27816175,-278.09980116
832.0,0.19287381,0.00970409,5.253e-05,5423536.925165722,0.018060760298525245,0.07964299844314014,509.50584048,-278.13111092
833.0,0.19285656,0.00972134,5.311e-05,5468664.094919339,0.018210879106293817,0.08082351129499127,514.25561049,-278.051985
834.0,0.19290614,0.00973401,5.637e-05,5514760.61757292,0.018364900465354324,0.07987874032834458,517.11229193,-278.09940815
835.0,0.19274897,0.00974767,5.935e-05,5472927.155912567,0.01822388127350645,0.08138496688635298,517.83583216,-278.09849113
836.0,0.19280698,0.0097697,5.938e-05,5507102.827985431,0.018338355836096457,0.07976827769229909,519.34570254,-278.05499807
837.0,0.19277515,0.00976921,5.674e-05,5480049.414818773,0.018247962539492752,0.08538116756497446,517.73738865,-278.13373098
838.0,0.19274004,0.00971574,5.414e-05,5460477.994813585,0.018182339133477984,0.08024980911262357,516.92147009,-278.06639535
839.0,0.19280903,0.00962892,5.36e-05,5507930.087901564,0.01834091870707518,0.08065164452303179,519.35657072,-278.11277047
840.0,0.19286375,0.00964224,5.156e-05,5539483.78788701,0.018446644531816447,0.08144059303961541,520.69609055,-278.08643884
841.0,0.19286056,0.00964306,5.331e-05,5494730.60781747,0.01829755721608262,0.08150049520260678,516.58322917,-278.1016352
842.0,0.19289721,0.00966293,5.225e-05,5532026.519782272,0.018422209883363905,0.08398466855020771,518.9957235,-278.14381822
843.0,0.19292442,0.00964698,5.339e-05,5511934.22983716,0.01835554556533077,0.08095544209790032,516.29898103,-278.10687533
844.0,0.19294413,0.00959981,5.495e-05,5524568.229218432,0.018397710515865355,0.08221548060233978,516.89042987,-278.08329476
845.0,0.19292421,0.00958877,5.58e-05,5486369.591540086,0.01827025242116967,0.07982886858913314,513.90603257,-278.11709358
846.0,0.19295799,0.00959466,5.396e-05,5494644.255918739,0.018298211997912553,0.08282143797325109,513.67917225,-278.02630838
847.0,0.1928969,0.00962287,5.3e-05,5484383.632764224,0.01826345594762884,0.08090153605998815,514.53248346,-278.1181416
848.0,0.19286241,0.00967564,5.355e-05,5394928.656892832,0.017965298464179835,0.08077386182793515,507.14836557,-278.13097991
849.0,0.1927463,0.00970814,5.447e-05,5509479.482870485,0.018345551819450318,0.08188444125829168,521.37335819,-278.14578327
850.0,0.192727,0.00971169,5.317e-05,5454190.906783969,0.018161269483044175,0.08206963541614269,516.71039444,-278.07556557
851.0,0.19277166,0.00967813,5.345e-05,5399536.589423789,0.01797968437946201,0.07948053051725898,510.22854202,-278.11447352
852.0,0.19271458,0.00964698,5.464e-05,5525818.842766123,0.018399481212689518,0.08267243067784001,523.86224493,-278.08172272
853.0,0.19273378,0.009698,5.385e-05,5438894.486614668,0.018110370206029302,0.08243717012172823,515.06121261,-278.09587106
854.0,0.19273573,0.00972907,5.46e-05,5474656.850260515,0.0182295268803144,0.08077498274751736,518.39178804,-278.09914614
855.0,0.19274374,0.00970887,5.319e-05,5517881.212134982,0.018373520190776066,0.07973608476269459,522.24546852,-278.06691936
856.0,0.1927656,0.00969939,5.363e-05,5518741.240236969,0.01837659530003083,0.08216516266998107,521.67448402,-278.09272699
857.0,0.19269395,0.00970564,5.41e-05,5455774.534011308,0.0181661611220113,0.07866274985270481,517.83332394,-278.08211573
858.0,0.19279907,0.00967519,5.503e-05,5446250.817894054,0.018135501606108245,0.08180827182747616,513.83576142,-278.10713734
859.0,0.19280102,0.009659,5.536e-05,5501175.932051627,0.018318379298849177,0.08121951216743302,518.95870782,-278.08119871
860.0,0.19280913,0.00965312,5.434e-05,5455451.504736078,0.01816621082250934,0.07952788466978775,514.406342,-278.09429903
861.0,0.192835,0.00969228,5.117e-05,5436494.773574841,0.01810349011713074,0.0784448802180906,511.86274624,-278.10438627
862.0,0.19283141,0.00971832,5.145e-05,5508551.729468911,0.018343451296375116,0.08149897152225663,518.7554928,-278.06678836
863.0,0.19280338,0.0096888,5.064e-05,5555172.994526856,0.018498342067661225,0.0786290587081317,523.98546611,-278.11722458
864.0,0.19283059,0.0096243,4.952e-05,5457453.446267774,0.01817311625653058,0.08140672523399498,513.96285425,-278.10674433
865.0,0.19284126,0.0096243,4.903e-05,5533483.044468687,0.018426415347118953,0.07837571535496514,520.80409494,-278.05316403
866.0,0.19282648,0.00964944,5.046e-05,5434170.691045453,0.018095580587027312,0.07715166252798795,511.89181359,-278.12325073
867.0,0.19277813,0.00968856,5.342e-05,5514789.828598273,0.018363553981788638,0.08001906212522422,520.92740462,-278.11892762
868.0,0.19276027,0.0096543,5.412e-05,5505736.638796944,0.018333131800239336,0.07864938901291674,520.60100151,-278.10713734
869.0,0.19279404,0.00966125,5.533e-05,5442802.605640776,0.018123932085366043,0.0766433321566376,513.65736187,-278.07229049
870.0,0.19274518,0.00966685,5.286e-05,5489963.235863335,0.018280490355310316,0.07988514684240909,519.55815947,-278.07451755
871.0,0.19272577,0.00966591,5.264e-05,5421334.834843122,0.018051765075488117,0.07921056034509143,513.63129271,-278.0603692
872.0,0.19271551,0.00968725,5.246e-05,5450752.426397726,0.018149655620492658,0.07756823884605243,516.72184458,-278.11486652
873.0,0.19273614,0.00971353,5.142e-05,5478627.480468009,0.018242765608641822,0.08106478241191097,518.75598358,-278.07071845
874.0,0.19277146,0.00971652,5.16e-05,5427828.895762709,0.018073997722561526,0.07786189981238041,512.91105225,-278.10346925
875.0,0.19281632,0.00969101,5.404e-05,5516759.245505112,0.018370523227321977,0.07887598954367213,519.97543882,-278.09220297
876.0,0.1928232,0.00965422,5.812e-05,5406646.527820436,0.018003792943443057,0.07814538679869645,509.39223584,-278.08525981
877.0,0.19281714,0.00963341,6.117e-05,5465435.613336042,0.01819940449888041,0.07470113239913721,515.10744846,-278.08041269
878.0,0.19286724,0.00963807,6.288e-05,5445754.052026293,0.018134389422628027,0.07869761049796024,511.77826828,-278.13936412
879.0,0.19289023,0.009614,6.151e-05,5433134.413695364,0.018092581195449736,0.07968902425470976,509.91637841,-278.09521605
880.0,0.19288623,0.00960136,6.129e-05,5420363.479662398,0.01804998758878187,0.08201053583854362,508.83439785,-278.11146044
881.0,0.19292411,0.00960598,6.215e-05,5418981.966518632,0.018045788549543185,0.0793008339630133,507.5953455,-278.09036893
882.0,0.19289413,0.00962234,6.196e-05,5375807.541462045,0.01790173227419894,0.07928482875984175,504.42306236,-278.14630729
883.0,0.19287134,0.00968766,5.969e-05,5385128.957261565,0.0179326982390292,0.07706981940371513,505.96555045,-278.07333852
884.0,0.19282196,0.00969395,5.665e-05,5481033.093659985,0.018251586678013406,0.07848751662325713,516.44006362,-278.15731155
885.0,0.19280728,0.00964711,5.445e-05,5484608.48812905,0.01826326700763163,0.07816561226365663,517.20995503,-278.07333852
886.0,0.19290173,0.00965001,5.343e-05,5470793.0192928845,0.018218300830750895,0.07845823362475983,513.11623393,-278.02159227
887.0,0.19288921,0.00961629,5.227e-05,5524349.303336197,0.018396457954635823,0.07727938543910581,518.51171733,-278.08028169
888.0,0.19277259,0.00961567,5.16e-05,5524787.724983696,0.018396657251029215,0.07672031074238904,522.03357124,-278.09246498
889.0,0.19277556,0.00965017,5.137e-05,5536652.542001335,0.018436274172994337,0.07542497912250935,523.06782501,-278.09194097
890.0,0.19281344,0.00967266,5.227e-05,5537271.910599833,0.018438784582222215,0.07454654715044697,521.99442937,-278.07189748
891.0,0.19284486,0.00969297,5.592e-05,5483097.016454924,0.018258715136418843,0.07808079883780013,515.95668995,-278.11774859
892.0,0.19282638,0.00966374,5.674e-05,5381050.8383572595,0.01791863365403103,0.07820352447327293,506.88931415,-278.1139495
893.0,0.19280975,0.00962769,5.519e-05,5523187.237555655,0.01839170594507571,0.07752152965812902,520.7730446,-278.08630783
894.0,0.19284383,0.00964523,5.695e-05,5415565.892234578,0.018033711804206282,0.07774910027672256,509.62886579,-278.07006344
895.0,0.19285718,0.00967356,5.8e-05,5479835.454515504,0.018247916525536687,0.07652689597454586,515.28308409,-278.17041187
896.0,0.19283993,0.00965917,5.83e-05,5447477.466248467,0.0181399446790099,0.07800608742954368,512.74696821,-278.14408023
897.0,0.1928657,0.00947141,5.798e-05,5490887.336006419,0.01828438638114778,0.07812663214198359,516.05754773,-278.04491083
898.0,0.19318476,0.00897176,5.529e-05,5733640.193675071,0.01909528210126541,0.0796190406356034,528.95162764,-278.10870938
899.0,0.19462424,0.00822946,5.275e-05,6404672.767752629,0.021346290514844386,0.10547115593677595,540.74562489,-278.1096264
900.0,0.1967968,0.00742842,5.081e-05,6697043.404751459,0.022346611198158714,0.13041958101814177,485.66602459,-278.07700661
901.0,0.19900663,0.00660391,4.742e-05,6721238.370821428,0.02245316773823756,0.1332637523606938,405.12269389,-278.07019444
902.0,0.20097829,0.00584461,4.148e-05,6760859.124705054,0.022608205900286414,0.13524356087810907,332.89963495,-278.12089267
903.0,0.20244765,0.00521002,3.857e-05,6741410.422802759,0.02255953944676415,0.13256422211232724,276.03613945,-278.06574033
904.0,0.20385571,0.00463814,3.62e-05,6760082.830414825,0.022637612903147867,0.13542840661813532,222.70866415,-278.10464828
905.0,0.20495529,0.00421861,3.199e-05,6763259.644579326,0.022660384798703147,0.1345802005349465,180.2998187,-278.0890589
906.0,0.20585099,0.00388022,2.71e-05,6786439.704736072,0.02274790323761882,0.13469501241846507,146.00297866,-278.07386253
907.0,0.20661066,0.00359869,2.45e-05,6857945.452217476,0.022995952030742436,0.13405455882328934,117.49866701,-278.08132971
908.0,0.20718288,0.00334791,2.354e-05,6803448.890899295,0.02281931416788785,0.13231817191799838,94.0437922,-278.08525981
909.0,0.20760727,0.00312516,2.016e-05,6890189.554375269,0.023114763166796524,0.1348769589288137,78.28681904,-278.12180969
910.0,0.20795723,0.00294093,1.812e-05,6901246.586359584,0.023155556838141984,0.1339507557806814,64.38207017,-278.07818564
911.0,0.208234,0.00278056,1.753e-05,6917344.928539529,0.023212442225816615,0.13396778063830533,53.39394253,-278.07700661
912.0,0.20845749,0.00263406,1.531e-05,6935588.211222763,0.02327596754665645,0.1352157646017611,44.5063374,-278.0808057
913.0,0.20861148,0.00251588,1.375e-05,7012240.05698057,0.02353477429071693,0.13533366692082974,38.7030634,-278.08670084
914.0,0.20876834,0.00239827,1.447e-05,7013678.6023439765,0.02354115857754897,0.13402334792624476,32.2923354,-278.06259626
915.0,0.20884061,0.00229551,1.571e-05,6991837.704063516,0.023468428859247447,0.13397165220481477,29.24195791,-278.02460534
916.0,0.20888722,0.00220276,1.745e-05,7022072.362391126,0.023570205617438385,0.13304923715776443,27.4572816,-278.12901487
917.0,0.20899953,0.00210383,1.643e-05,7017887.797215706,0.023557261778180388,0.13502895909494947,22.8372412,-278.11342549
918.0,0.20895148,0.00197936,1.271e-05,7030587.159339965,0.023599074926166756,0.13502161586428507,24.85146037,-278.09809812
919.0,0.20909028,0.00189813,9.98e-06,7050789.016036441,0.02366837993890782,0.13490232909242056,19.20496107,-278.09141696
920.0,0.20907847,0.00181634,1.019e-05,7025980.157692414,0.023584754232449455,0.13335444515842854,19.62199787,-278.08814188
921.0,0.20916686,0.00176373,1.25e-05,7071425.596335884,0.02373818726640926,0.13559878677568474,16.09513563,-278.07399353
922.0,0.20920628,0.00171001,1.419e-05,7069536.334489195,0.023732151442164822,0.1330919644391511,14.46117447,-278.09875313
923.0,0.20927753,0.00168189,1.548e-05,7118706.0984802535,0.02389797318636443,0.13437299586668155,11.59536539,-278.09639508
924.0,0.20925823,0.00164187,1.69e-05,7133547.2084544115,0.02394743880494114,0.1326801177243852,12.42480983,-278.06364428
925.0,0.20925494,0.00156829,1.577e-05,7152543.923218615,0.024011005483355552,0.13688100032791475,12.59524533,-278.14945136
926.0,0.20925874,0.00150297,1.405e-05,7200397.089526785,0.024171558229938897,0.13401030091303692,12.51947012,-278.11303248
927.0,0.20928286,0.00144651,1.175e-05,7211587.707715192,0.02420931429221404,0.13556860316609826,11.52120004,-278.10818536
928.0,0.20926398,0.00138696,8.71e-06,7222725.84253412,0.024246377132909905,0.13466677398663252,12.33700195,-278.08774887
929.0,0.20933019,0.00136014,8.46e-06,7270555.952902223,0.024407686445007723,0.13528928203823357,9.60230112,-278.0974431
930.0,0.20931972,0.00135086,1.006e-05,7269519.249525135,0.024404026095981052,0.1348996037367797,10.04628534,-278.09469204
931.0,0.20935442,0.00132139,1.157e-05,7296901.703807232,0.02449627330737185,0.13669369422636032,8.60259923,-278.09901514
932.0,0.20934908,0.00127618,1.028e-05,7277590.906554676,0.02443128686009925,0.1357620675369726,8.80713309,-278.11250847
933.0,0.20933543,0.00124785,7.99e-06,7276578.330099248,0.02442768826191641,0.13365755010226413,9.38723542,-278.11578355
934.0,0.20939404,0.00122741,9.87e-06,7316497.277632757,0.02456233247540258,0.13583872170087186,6.92892127,-278.07608958
935.0,0.20938912,0.00121498,1.202e-05,7344534.157127052,0.024656324272509397,0.13913778981164251,7.1672679,-278.07333852
936.0,0.20941355,0.00119602,1.17e-05,7386699.058549631,0.02479813579081931,0.13546089194611333,6.15207702,-278.0725525
937.0,0.20938758,0.00116168,8.63e-06,7378942.916748699,0.024771740829582875,0.13358904001122243,7.26732452,-278.11250847
938.0,0.20948603,0.00112693,7.34e-06,7396955.902043612,0.024833368606293916,0.13570240327156216,3.02205741,-278.10779235
939.0,0.20940236,0.0011145,8.96e-06,7408112.912057013,0.024869721976945803,0.1360672776594227,6.65506512,-278.09429903
940.0,0.20927783,0.00108932,8.81e-06,7427558.870354893,0.024933384340034215,0.1391264915085892,12.08436741,-278.04949594
941.0,0.20932116,0.00105621,8.24e-06,7424738.775214447,0.024924382740871654,0.1384049063663515,10.19805884,-278.12901487
942.0,0.20946683,0.00106353,9.92e-06,7443216.508752577,0.024988223635320293,0.14008381360581948,3.8775424,-278.11866562
943.0,0.20949116,0.00107154,1.216e-05,7467447.576886576,0.025069857502054024,0.139510760873588,2.8263948,-278.10386226
944.0,0.20947525,0.0010334,1.228e-05,7431548.355437743,0.02494903524077259,0.13990916078761156,3.50517524,-278.13988813
945.0,0.20943819,0.00100385,1.257e-05,7470107.332045573,0.02507793624161298,0.1406891506441518,5.14408056,-278.19962558
946.0,0.20949804,0.00099118,1.03e-05,7451466.7954504,0.025016115304516865,0.14195801573920502,2.52022181,-278.10792336
947.0,0.20948233,0.00094944,8.5e-06,7537589.159827914,0.025304968979993597,0.14089570658918174,3.24255889,-278.11840361
948.0,0.20947802,0.00093019,6.77e-06,7489513.825446511,0.025143498292009445,0.14177372519944573,3.41094701,-278.16320669
949.0,0.20949691,0.00094964,5.14e-06,7537656.718413152,0.02530544243031847,0.1413979460624893,2.59921264,-278.13779208
950.0,0.20952237,0.00096706,5.13e-06,7486445.423552439,0.025133882071487975,0.14144110269295593,1.46542783,-278.13242095
951.0,0.20948644,0.00097102,5.59e-06,7442420.191005755,0.02498563109699118,0.1414349132483848,3.0226919,-278.09207197
952.0,0.20946714,0.00095267,7.51e-06,7522771.50785618,0.02525505818707983,0.14423790089200736,3.90538354,-278.11329449
953.0,0.20950327,0.00093321,6.7e-06,7539546.562744716,0.02531179541281129,0.14044323657539903,2.31885931,-278.12063066
954.0,0.20947648,0.00091674,5.11e-06,7528252.738283226,0.025273526188440122,0.14679371962660867,3.49646309,-278.09246498
955.0,0.20947833,0.00089286,6.73e-06,7572200.368544603,0.025420995348730335,0.14595403748549537,3.43493743,-278.10504129
956.0,0.20947473,0.00090178,7.71e-06,7597956.452227022,0.02550742217170034,0.14518632514510413,3.60645967,-278.14565227
957.0,0.20951056,0.00090546,6.41e-06,7573580.003001055,0.025426076659610504,0.14424198394599996,2.00607057,-278.10949539
958.0,0.20948325,0.00084937,7.42e-06,7616271.618280497,0.025568882562289594,0.1481891110201602,3.2351738,-278.11015041
959.0,0.2094929,0.00084626,9.79e-06,7680736.1749859145,0.02578537102595598,0.14773760843154782,2.82857318,-278.12351273
960.0,0.20950964,0.00085346,1.035e-05,7621024.2683248585,0.02558513265053074,0.1502403158555372,2.05985304,-278.10805436
961.0,0.20950984,0.00085501,1.044e-05,7677475.827558458,0.025774655662055196,0.147696339471365,2.06588067,-278.12076167
962.0,0.20952812,0.00081744,1.104e-05,7631983.972380771,0.025622053669269396,0.15170585217132937,1.23694334,-278.16923284
963.0,0.20952021,0.00081123,9.56e-06,7627986.662591059,0.025608543248542177,0.15380953225403185,1.58940595,-278.11971364
964.0,0.20953366,0.00080481,6.79e-06,7669778.137029634,0.025749052349536793,0.1498394074631201,0.99407032,-278.04818591
965.0,0.20948017,0.00078458,4.46e-06,7633667.3906572005,0.025627123622528884,0.15214622957218857,3.38019776,-278.13111092
966.0,0.20950717,0.00077951,5.2e-06,7651311.04998539,0.02568667524953974,0.157234060744282,2.17841917,-278.13150393
967.0,0.20948449,0.0007699,4.61e-06,7661334.48313409,0.025720018533320732,0.15719504221640618,3.19903473,-278.11447351
968.0,0.20953181,0.00077432,5.01e-06,7631856.220276187,0.02562166778981936,0.15655574936628142,1.07174382,-278.06993244
969.0,0.20951559,0.000778,6.75e-06,7713916.76104481,0.025896928667178912,0.1589332800062647,1.81598951,-278.0974431
970.0,0.20935729,0.00079468,4.68e-06,7715329.485085294,0.025899701855326068,0.1594233721854431,8.96567282,-278.11617656
971.0,0.20975325,0.00080089,4.45e-06,7663858.6414570315,0.025732036376066893,0.16062501621186803,-8.86760816,-278.14434224
972.0,0.20946067,0.00080727,5.62e-06,7708378.769539752,0.025877725822665225,0.1625825343444289,4.29355369,-278.1181416
973.0,0.20949034,0.00080559,4.91e-06,7790489.437766187,0.026153776094351884,0.16426768023316882,2.98606022,-278.13595803
974.0,0.20948726,0.0007789,3.31e-06,7775394.723349463,0.026103017814337957,0.164053135818831,3.12047986,-278.11840361
975.0,0.20947689,0.00075666,1.86e-06,7769224.850355927,0.02608213577823793,0.16623663315900727,3.58965062,-278.12259571
976.0,0.20951374,0.00077685,8.2e-07,7785170.206856786,0.02613622321915896,0.1652456590840192,1.91701394,-278.14774832
977.0,0.20951415,0.00076369,1.48e-06,7744791.976778772,0.02600062323332239,0.16870054419225514,1.88844435,-278.1222027
978.0,0.20953335,0.00076152,3.76e-06,7761140.007802078,0.026055707938156508,0.16779569177231723,1.01990754,-278.11971364
979.0,0.20953191,0.00074697,5.89e-06,7706789.181920288,0.025873143323244252,0.17012913321549758,1.0776295,-278.15416748
980.0,0.20951436,0.000724,3.2e-06,7752048.243678773,0.026024845789508342,0.16681624674973383,1.88088309,-278.11421151
981.0,0.20951528,0.00068835,1.02e-06,7794877.868972037,0.02616858695218947,0.16554259685098102,1.84909734,-278.09875313
982.0,0.20956056,0.00068991,1.55e-06,7804468.686187924,0.02620137271571436,0.1667563125194561,-0.21789655,-278.16687478
983.0,0.20953859,0.00069816,2.47e-06,7810370.000818996,0.026220901796825152,0.1633939135789209,0.78688916,-278.12311972
984.0,0.20948798,0.00068414,1.57e-06,7863160.7671180675,0.026397440083029272,0.16088723439029104,3.12259085,-278.1178796
985.0,0.20952688,0.00067748,2.5e-06,7845824.265609177,0.026339716443359466,0.16344485812557663,1.32819244,-278.12338173
986.0,0.20953725,0.00066436,5.11e-06,7758348.337535596,0.026046095633394432,0.16063099731211677,0.84228181,-278.17958209
987.0,0.20949208,0.0007009,7.49e-06,7773836.239038694,0.02609755627927693,0.16066870686325785,2.90020225,-278.10451727
988.0,0.20948613,0.00069236,8.51e-06,7796772.845834874,0.026174436065431676,0.16059987887064156,3.18056993,-278.11905863
989.0,0.20953202,0.00065769,5.88e-06,7865838.258816256,0.026406855301810164,0.1583298195358535,1.09512989,-278.16425472
990.0,0.20952329,0.00064854,4.51e-06,7880364.8061870225,0.026455508396946086,0.15725314965941922,1.49984714,-278.13150393
991.0,0.20950348,0.00064784,2.76e-06,7854928.074107301,0.026369883576370993,0.15459893123310847,2.40634896,-278.12901487
992.0,0.20941683,0.0006774,5.38e-06,7812476.308758543,0.026226261744001746,0.1563783005097033,6.35614874,-278.1718529
993.0,0.20951498,0.00068071,2.65e-06,7846090.449764183,0.026340459255178784,0.15341976344712613,1.87539245,-278.11290148
994.0,0.20952042,0.00068377,1.9e-06,7875427.47409301,0.026439042690772366,0.15623349977081322,1.63148213,-278.1676608
995.0,0.20951569,0.00070393,2.62e-06,7853203.748706229,0.026364413809902603,0.15514978328188433,1.84405019,-278.14250819
996.0,0.20951066,0.00072167,2.87e-06,7822520.506238188,0.02626138347009597,0.1526778530008719,2.06727215,-278.1015042
997.0,0.20955399,0.000685,3.41e-06,7851438.895869717,0.026358926729452378,0.14916305505916427,0.08292932,-278.13215894
998.0,0.20953869,0.00067082,4.97e-06,7893238.769437013,0.026498985505879907,0.1489159135610662,0.79048884,-278.17696203
999.0,0.2095313,0.00064482,7.27e-06,7927798.554110452,0.026614793490365395,0.14921743840969973,1.13711706,-278.12351273
1000.0,0.20951025,0.00063247,5.48e-06,7950832.2954200795,0.026691839861080216,0.14965091619872237,2.12027593,-278.13097991
1001.0,0.2095238,0.00061706,6.64e-06,7886505.6685909545,0.02647600270046744,0.14843719290200125,1.47730285,-278.10897138
1002.0,0.20952483,0.00062879,7.73e-06,7915536.651414925,0.026573488883815298,0.14887004013427005,1.43515527,-278.13399299
1003.0,0.20950892,0.00063983,6.67e-06,7914184.110168273,0.026568787760346557,0.14861889733349565,2.17235005,-278.08945191
1004.0,0.20954095,0.00066007,7.11e-06,7915726.644260772,0.026574440235984043,0.14671695610728888,0.68803819,-278.09993216
1005.0,0.20951077,0.00066836,4.87e-06,7926792.8312483,0.026611255555444645,0.1490329864097137,2.09004857,-278.12364374
1006.0,0.2095081,0.00066955,3.54e-06,7917020.869271542,0.02657844316985274,0.14424196690517757,2.21121395,-278.1262638
1007.0,0.20952391,0.00067139,4.66e-06,7872005.680222789,0.026427514322599238,0.1442472213337332,1.46986473,-278.12704982
1008.0,0.20956446,0.00068422,7.7e-06,7974631.303948166,0.026772564557962224,0.14778958858629182,-0.40485877,-278.10360025
1009.0,0.20955778,0.00068856,8.95e-06,7938218.5180647895,0.0266502179499126,0.144278093684885,-0.09275608,-278.08525981
1010.0,0.20956117,0.00069387,1.032e-05,8016522.391226978,0.026913134021628014,0.14537515403693066,-0.25273695,-278.11421151
1011.0,0.20953756,0.00067907,1.098e-05,8005506.55501874,0.0268757795030648,0.14719289448967054,0.85467298,-278.15338146
1012.0,0.20953766,0.00066595,9.46e-06,7929152.797851742,0.026619441517569658,0.14379280994857946,0.84175404,-278.07779263
1013.0,0.20953715,0.00067658,7.48e-06,7914821.723811822,0.026571390661888575,0.14538309945008396,0.86402745,-278.1015042
1014.0,0.20952278,0.0006644,4.4e-06,7974227.828633442,0.026770659795949656,0.14183314165031138,1.54168405,-278.14250819
1015.0,0.20950697,0.00065164,1.46e-06,7904589.967609869,0.02653668605226256,0.1431428106779109,2.26000996,-278.14905835
1016.0,0.20953951,0.00066166,4e-08,8000454.715469668,0.026859009094022192,0.14491280245906826,0.76274776,-278.11054342
1017.0,0.20953879,0.00063419,3.19e-06,8023007.7278988715,0.026934575099691296,0.1438903284808301,0.79865924,-278.14853434
1018.0,0.20953869,0.00062262,4.88e-06,8001373.319331412,0.026861878029336265,0.14472067337259661,0.80131424,-278.13242095
1019.0,0.20952237,0.00059478,3.76e-06,7939979.672199826,0.02665549579966235,0.14335048935263467,1.55414538,-278.14814133
1020.0,0.20951118,0.00057222,2.49e-06,7986717.133825014,0.026812210187984693,0.14104590828758995,2.08662666,-278.17801005
1021.0,0.20951415,0.00061314,3.97e-06,7944244.516188951,0.026669751009545523,0.14285758701104853,1.93704358,-278.17080488
1022.0,0.20955224,0.00060717,5.31e-06,8052228.157374169,0.02703273686197807,0.14384246418678204,0.16735438,-278.1553465
1023.0,0.20944424,0.00060639,4.49e-06,8083272.397407596,0.027135504334610126,0.14169718821383975,5.27952515,-278.11630756
1024.0,0.20956528,0.00062233,4.25e-06,8017136.566688908,0.026915167291692958,0.14197845004058648,-0.44558033,-278.08132971
1025.0,0.20948674,0.00064919,4.99e-06,7946325.680890803,0.026676452912712558,0.1406187340617149,3.21291342,-278.07753062
1026.0,0.2094966,0.00063587,2.86e-06,7964161.189364688,0.026736463911618734,0.13926817882745515,2.76056013,-278.11408051
1027.0,0.20947802,0.00061559,2.62e-06,8011902.854618988,0.026896434518464657,0.14294879477365088,3.64874892,-278.18377419
1028.0,0.20950266,0.00063067,3.94e-06,8017011.02220093,0.026913931904400452,0.14483297030276257,2.49454969,-278.11329449
1029.0,0.20948962,0.00062986,3.27e-06,8054560.966439589,0.02703982519398335,0.14245307391888454,3.12111442,-278.09993216
1030.0,0.20953818,0.00065009,2.24e-06,8040966.842658165,0.026994922167056574,0.14108701296393503,0.82945525,-278.12678781
1031.0,0.20949352,0.00063178,2.76e-06,8034867.188677144,0.02697377960575411,0.14081951550426533,2.92995888,-278.14984437
1032.0,0.20954249,0.00059699,2.68e-06,8017085.390176354,0.026914647522955727,0.14162998573153576,0.62454467,-278.11578355
1033.0,0.20948182,0.00056216,3.64e-06,7982798.124490455,0.026798609161823302,0.13942607819943853,3.45794404,-278.11132944
1034.0,0.20947371,0.00055276,4.59e-06,8019384.394280245,0.026921276515206028,0.14169285889972555,3.85456335,-278.11552154
1035.0,0.20949547,0.0005443,6.48e-06,8063706.18684156,0.027070299865948538,0.14269938370088747,2.84834775,-278.15783556
1036.0,0.20951457,0.00055448,6.56e-06,8031734.002323049,0.026963252597780134,0.14304407367238456,1.93904759,-278.11945163
1037.0,0.2094155,0.00053997,5.66e-06,8008255.733727771,0.026883076456663987,0.14244024772521963,6.5778914,-278.09141696
1038.0,0.2095816,0.00053731,6.99e-06,8096859.787915812,0.027182740148231042,0.1420266703572022,-1.22413645,-278.11539054
1039.0,0.2095275,0.00055485,7.15e-06,8103180.39776654,0.02720327010221069,0.13927008449055134,1.34250827,-278.14879635
1040.0,0.20953705,0.00057455,7.94e-06,8091086.422071605,0.02716283977791922,0.14301632877957976,0.88812417,-278.08394977
1041.0,0.20950389,0.00058751,8.37e-06,8063203.926685314,0.027068813654072984,0.1398882866534134,2.45074079,-278.10373125
1042.0,0.20948418,0.00056707,7.29e-06,7991913.037708601,0.02682918309819227,0.141342770694732,3.35140299,-278.12259571
1043.0,0.20954536,0.00055014,4.91e-06,8028340.711773743,0.0269522962508134,0.14082285544764678,0.49026497,-278.12246471
1044.0,0.20956199,0.000575,6.57e-06,8058050.626037892,0.027052299957937762,0.14064056500795213,-0.29280489,-278.12351273
1045.0,0.20952391,0.00059327,4.05e-06,8097024.820974765,0.027182726778287578,0.14156730794041517,1.51186871,-278.13753007
1046.0,0.20950954,0.00062695,2.92e-06,8048946.556791133,0.027021245217522315,0.14006047543230193,2.18031273,-278.09547805
1047.0,0.20955707,0.00060533,3.88e-06,8119917.6127554905,0.02726007097284943,0.14119406583302524,-0.06070272,-278.14774832
1048.0,0.20950964,0.00059589,6.4e-06,8169534.4526955085,0.027425915754630076,0.13981154429865406,2.20805404,-278.16084864
1049.0,0.20953294,0.00057361,7.01e-06,8176331.835436777,0.027448979096784162,0.14030461812196396,1.09410746,-278.12587079
1050.0,0.20947145,0.00058383,7.96e-06,8116749.503800842,0.02724812531333845,0.14063221283132082,4.00868969,-278.10294524
1051.0,0.20957431,0.00060786,8.83e-06,8134102.4556049835,0.02730783727621935,0.14114182520393018,-0.88249415,-278.13006289
1052.0,0.20949393,0.00061387,9.02e-06,8074475.768513319,0.027106581201314404,0.1399864448875522,2.92496968,-278.1181416
1053.0,0.20954629,0.00059593,7.15e-06,8105199.172984016,0.027210420537766695,0.14060696508794848,0.45110176,-278.11971364
1054.0,0.20954629,0.00057422,4.02e-06,8105031.462885453,0.027209857056081976,0.13743046371310244,0.4510924,-278.1015042
1055.0,0.20954269,0.00055795,1.5e-06,8091164.676910456,0.027163258232557205,0.1406878331019912,0.62058424,-278.13386198
1056.0,0.20949968,0.00058514,9.9e-07,8162797.801001361,0.027403239729605,0.13956575958763776,2.68220092,-278.11945163
1057.0,0.20954331,0.00056866,1.69e-06,8144248.356706985,0.027341503594769088,0.13900236414595676,0.59527699,-278.13530302
1058.0,0.20949136,0.00057189,2.2e-06,8169181.728920224,0.027424494784898504,0.13963893797896954,3.08203742,-278.14368722
1059.0,0.20953438,0.00056568,2.38e-06,8104862.070285107,0.02720913405189357,0.13977818139296597,1.01632934,-278.10582731
1060.0,0.20948469,0.00056417,5.36e-06,8101523.707013186,0.027197187255363988,0.13914989324170998,3.37302442,-278.12272671
1061.0,0.20950286,0.00056919,6.27e-06,8100513.149978542,0.02719403862636146,0.14190722341784814,2.5107728,-278.10726834
1062.0,0.20953294,0.00058232,6.99e-06,8085027.845386032,0.02714248526437154,0.1434959475021369,1.0818907,-278.08447379
1063.0,0.20954772,0.00056588,6.92e-06,8084859.278426528,0.02714207468920056,0.1407281547660777,0.38191544,-278.08997592
1064.0,0.2094965,0.00058285,5.75e-06,8102521.487967608,0.027200743368826313,0.14210355917061254,2.8133679,-278.11774859
1065.0,0.20952309,0.00059213,6.13e-06,8131970.7059821505,0.027299988993746763,0.1429069522339586,1.55750103,-278.134386
1066.0,0.20949321,0.0005723,4.84e-06,8164700.216699429,0.027409424325159325,0.14104712431878588,2.99200314,-278.15573951
1067.0,0.20950184,0.00057655,6.64e-06,8163358.309548003,0.027405014451637073,0.14242995467285216,2.5793239,-278.13648205
1068.0,0.20953037,0.00058403,9.08e-06,8086333.857281553,0.02714679867423093,0.14161346733956467,1.20360043,-278.10897138
1069.0,0.20953458,0.00057291,1.003e-05,8138456.452372675,0.02732178745712859,0.14638220154027057,1.01075144,-278.15835958
1070.0,0.20954721,0.00056135,8.85e-06,8135623.35726526,0.0273124392152226,0.14567327618572828,0.40876997,-278.11539054
1071.0,0.20951528,0.00057545,5.83e-06,8151637.998261998,0.02736586546680922,0.1456195382930641,1.93369817,-278.11106743
1072.0,0.20954731,0.00057496,3.72e-06,8090236.1996528115,0.027160208904765542,0.14596242287791913,0.40162743,-278.14198418
1073.0,0.20953191,0.00055681,3.85e-06,8108241.7333521275,0.02722039214805665,0.14565520509834712,1.13374311,-278.14054315
1074.0,0.20951682,0.0005566,3.86e-06,8215684.93945699,0.027580883428733778,0.14486992724592354,1.87480722,-278.11041242
1075.0,0.20954064,0.00058121,3.96e-06,8203193.436968079,0.027539345663484493,0.14487162259837488,0.72781648,-278.14159117
1076.0,0.20952637,0.00058841,5.61e-06,8146472.217747544,0.027348716787077152,0.14371420305902938,1.40355965,-278.12246471
1077.0,0.20955296,0.0005842,7.63e-06,8141778.943466065,0.027333272661512586,0.14174978917161996,0.13494786,-278.09390602
1078.0,0.20958981,0.00058559,8.19e-06,8121416.519035334,0.02726540833069863,0.1438746074510488,-1.61855965,-278.16124165
1079.0,0.20951405,0.00058951,5.22e-06,8168534.41007759,0.02742262407673336,0.14522665268880341,1.99663591,-278.13543402
1080.0,0.20952842,0.00058485,3.71e-06,8172709.201422192,0.02743685316032346,0.14332603570709465,1.30981536,-278.14119816
1081.0,0.2095505,0.00058963,5.32e-06,8149548.940212471,0.02735938536527315,0.14636193396581157,0.25267572,-278.16255168
1082.0,0.20951641,0.00061665,4.68e-06,8180358.484811572,0.027462440105769714,0.1439166195129224,1.88642708,-278.10844737
1083.0,0.20954649,0.00061767,5.07e-06,8164622.045574208,0.027410018863751277,0.1437741897738356,0.44459292,-278.1470933
1084.0,0.20956435,0.00060055,7.7e-06,8166961.982360059,0.02741801811813665,0.14420534607535232,-0.40970872,-278.12822885
1085.0,0.20953007,0.00059711,8.06e-06,8146335.643793712,0.02734828549633648,0.14244947972233718,1.22722639,-278.12993189
1086.0,0.20955183,0.00056866,7.32e-06,8168749.072354397,0.02742376168010635,0.1427995669154281,0.18942109,-278.1305869
1087.0,0.20957462,0.00056012,5.43e-06,8181897.798134672,0.027468230120667944,0.14425490042009712,-0.90243707,-278.17761704
1088.0,0.2095391,0.00054589,6.27e-06,8170028.501427561,0.02742783745844319,0.14421893670652444,0.79854945,-278.16831582
1089.0,0.20953325,0.00055652,6.95e-06,8231082.503213758,0.027632739939091135,0.1420424058636727,1.08658642,-278.12456076
1090.0,0.20955501,0.00056928,8.73e-06,8185186.737341474,0.02747896300490712,0.1420201352447905,0.03723888,-278.09495404
1091.0,0.20956641,0.00059168,9.73e-06,8146746.626491356,0.02735011402169902,0.14159787274030897,-0.50666499,-278.11525953
1092.0,0.20954598,0.00057733,8.62e-06,8139797.432280762,0.027326485712741024,0.13932653908102569,0.46770781,-278.1180106
1093.0,0.2095507,0.00055476,7.27e-06,8131398.712760645,0.027298316448560934,0.1377633779009099,0.24233375,-278.1055653
1094.0,0.20954146,0.00056813,6.3e-06,8166864.754551414,0.02741731212291936,0.1422119970946103,0.68531031,-278.12259571
1095.0,0.20952565,0.00058039,5.82e-06,8190002.923557982,0.027494817541414838,0.1418746292890631,1.44552377,-278.11840361
1096.0,0.20953274,0.00061118,6.2e-06,8244256.401142222,0.027677132982668117,0.14008411823583167,1.11311461,-278.14840334
1097.0,0.20955368,0.00062679,4.81e-06,8208973.489120153,0.02755904487111288,0.1398320055642885,0.10151232,-278.1304559
1098.0,0.20955265,0.00060055,3.91e-06,8232192.339356194,0.027636922491508606,0.13878767480500245,0.15129607,-278.10818536
1099.0,0.20950338,0.00057537,5.46e-06,8188017.192795716,0.027487837424990225,0.1403230983320109,2.51328848,-278.14879635
1100.0,0.20945246,0.00059307,7.21e-06,8174620.562651994,0.02744218033567087,0.13998868295589834,4.94616398,-278.07739962
1101.0,0.20938778,0.00058751,7.95e-06,8142376.956935225,0.027333022170230252,0.13938693898660734,8.00894726,-278.16019362
1102.0,0.20938942,0.00058583,6.36e-06,8198341.628417764,0.027520938534878133,0.1384824117636743,7.98519588,-278.17918908
1103.0,0.20933584,0.00058554,3.68e-06,8172679.4594977405,0.027434108774055846,0.13675588828234325,10.52292553,-278.12508477
1104.0,0.2093615,0.00059221,2.12e-06,8261291.098707217,0.027731968488555747,0.1382587060010639,9.39646106,-278.13831609
1105.0,0.20936879,0.00058726,2.16e-06,8223410.509183543,0.027604894527923238,0.1383767144467217,9.00263413,-278.13307596
1106.0,0.20942597,0.00057761,5.43e-06,8200090.760200954,0.027527309140185433,0.13658994703663288,6.23291244,-278.09390602
1107.0,0.20946868,0.00056392,5.16e-06,8186398.429178454,0.027481898499638564,0.13772760673973042,4.17593195,-278.09495404
1108.0,0.20947617,0.00056486,6.19e-06,8173133.713536978,0.02743745379848385,0.13797788843272654,3.81056899,-278.10477928
1109.0,0.20952883,0.00058881,4.66e-06,8179635.669575825,0.027460104417217326,0.13825125936620158,1.29125509,-278.15023738
1110.0,0.20954085,0.00058636,3.99e-06,8186476.219814061,0.027483240612347096,0.1387887239488526,0.71648987,-278.12023765
1111.0,0.2095312,0.00055485,5.85e-06,8223143.52216424,0.02760607659476124,0.13621691834356672,1.18441337,-278.1552155
1112.0,0.20954198,0.0005369,7.5e-06,8238333.919409216,0.027657136740457767,0.1391005067984129,0.66653938,-278.11905863
1113.0,0.20952493,0.00053657,6.51e-06,8294743.824121803,0.027846293285344284,0.13686048564059125,1.49890899,-278.1222027
1114.0,0.20953951,0.00057156,4.74e-06,8235204.906192114,0.027646753738815533,0.13540471261057607,0.78511832,-278.15953861
1115.0,0.20940985,0.00056474,5.01e-06,8224016.125344749,0.02760737350681068,0.13613370016570975,7.02691309,-278.18914532
1116.0,0.20949065,0.00053085,6.35e-06,8140600.382394898,0.02732833588967431,0.13661029679216583,3.10548372,-278.13988813
1117.0,,0.00055305,,,0.027466864978129262,0.13605349771795253,,-278.1178796
1118.0,,0.00057344,,,0.02742016123016545,0.13380164689946322,,-278.1429012
1119.0,,,,,0.02761459135920191,0.135996762364603,,-278.11355649
1120.0,,,,,0.02742971609185853,0.1351532850395114,,-278.1180106
1121.0,,,,,0.027724103411573647,0.13658084893086306,,-278.10189721
1122.0,,,,,0.027723718464432414,0.13606187575391113,,-278.12862186
1123.0,,,,,,0.13268754459107146,,-278.08316376
1124.0,,,,,,0.1320324857740925,,-278.14918935
1125.0,,,,,,0.13589199641896424,,-278.10910238
1126.0,,,,,,0.13497793872284009,,-278.14945136
1127.0,,,,,,0.1345376542170836,,-278.11460452
1128.0,,,,,,0.13647233725864913,,-278.1673988
