Time (s),O2 (Vol fr),CO2 (Vol fr),CO (Vol fr),HRR (kW/m2),MFR (kg/s),k_smoke (1/m),original HRR (kW/m2),Mass (g)
0.0,0.20946091,0.00082306,7.91e-06,8238000.296155772,0.026470779186617638,,3.03507387,44.25041828
1.0,0.20935666,0.0007366,9.52e-06,8249154.71317701,0.026504965015339527,,8.07223212,43.54724163
2.0,0.2088223,0.0008646,1.236e-05,8099220.946694455,0.026016527040632637,,33.21704186,43.19630789
3.0,0.20815278,0.00107228,1.746e-05,7689420.962242295,0.024692244732296694,,61.53615319,43.71557474
4.0,0.20708254,0.00134388,2.581e-05,7678194.22762391,0.024643295403674343,,109.13297075,44.34427116
5.0,0.20613872,0.00169137,3.433e-05,7710927.473692474,0.024737082224969856,,151.6302499,44.3310506
6.0,0.20561057,0.0020239,4.163e-05,7675143.167249977,0.024616279412280617,,174.25847227,44.23379441
7.0,0.20496403,0.00237708,5.007e-05,7591927.799779549,0.024341939793571,,200.54186536,44.10027985
8.0,0.20449008,0.00266465,5.95e-05,7546798.590591157,0.024191803829273675,,219.82471954,44.00014394
9.0,0.20408683,0.00299048,6.971e-05,7519898.152413641,0.024101114159355855,,236.36594961,43.87880277
10.0,0.20376005,0.00333725,7.658e-05,7457665.473906901,0.023898302785295436,,248.31120429,43.7534038
11.0,0.20322539,0.00361986,7.833e-05,7412276.906454257,0.023746805162130635,,269.3547707,43.63886926
12.0,0.20244246,0.00388178,8.395e-05,7350587.026923298,0.023539883432609432,,299.75795062,43.48009166
13.0,0.20205934,0.00423044,8.849e-05,7186966.175148684,0.023011951251003263,,308.66790775,43.3622847
14.0,0.20160401,0.00452901,9.372e-05,7115315.141672515,0.02277758478075898,,323.88532328,43.16607066
15.0,0.20112671,0.00486017,9.737e-05,7089273.084939844,0.022689104583037575,,341.76594732,43.04630025
16.0,0.20070229,0.00516,9.831e-05,7124298.200729008,0.02279666420562602,,360.45615342,42.88123961
17.0,0.20040491,0.00542894,9.799e-05,7062783.394331765,0.02259682616203556,,369.13643468,42.71788063
18.0,0.20008027,0.0057057,9.593e-05,6898094.403464713,0.02206669531167707,,373.08376229,42.53514894
19.0,0.19965616,0.00600693,9.616e-05,7048625.908256245,0.02254372199828521,,397.95170322,42.37624044
20.0,0.1993364,0.00626099,9.486e-05,7032692.879210423,0.022489444937729704,,409.61417256,42.17452875
21.0,0.19913695,0.00648879,9.401e-05,6978008.393530436,0.022312685973352772,,414.19715211,42.00789735
22.0,0.19896782,0.00671131,9.461e-05,6884028.014210063,0.022010645427994316,,415.11296061,41.8471563
23.0,0.19885747,0.00691032,9.215e-05,6946354.144947334,0.022209095315609807,,423.14741887,41.68405911
24.0,0.19864135,0.00706514,9.014e-05,6936816.288069006,0.022176349757595436,,430.91156341,41.48103845
25.0,0.19856558,0.0072333,9.192e-05,6834104.373721165,0.02184744664530446,,427.41616614,41.31087284
26.0,0.19844404,0.00737662,9.07e-05,6841079.092574389,0.021868630956132555,,432.47796786,41.13206806
27.0,0.19844343,0.00749643,9.05e-05,6918846.923645581,0.022117519841725875,,437.42363333,40.94645665
28.0,0.19828731,0.00761583,9.228e-05,6836043.614011619,0.021851178479800906,,438.11790086,40.76791366
29.0,0.19811055,0.00775444,9.325e-05,6771988.06493827,0.02164460619262534,,440.65835847,40.63112669
30.0,0.19790002,0.00789021,9.322e-05,6713405.780888907,0.021455160491626366,,444.6848595,40.41174395
31.0,0.19781591,0.00802922,9.596e-05,6738025.341692244,0.02153311467335738,,449.45981917,40.27181547
32.0,0.19770129,0.00817359,9.446e-05,6729108.852234519,0.0215036073940954,,453.1417368,40.06120281
33.0,0.19766732,0.00828969,9.617e-05,6761959.540183545,0.021608425401883364,,456.63011521,39.89365513
34.0,0.19755097,0.00843329,9.814e-05,6644795.036905053,0.021232936115336665,,453.00060983,39.71943173
35.0,0.19742028,0.00863077,9.839e-05,6631944.28531144,0.021190778073125454,,456.92535433,39.57505276
36.0,0.19732203,0.00877118,9.936e-05,6681282.070820434,0.02134756311065279,,463.95788779,39.37713707
37.0,0.19730383,0.00889813,9.84e-05,6711176.460548902,0.021443180662230953,,466.71556964,39.19728511
38.0,0.19723497,0.00899544,9.537e-05,6577566.40004903,0.021015739129688366,,459.93080547,39.01533881
39.0,0.19714323,0.00911521,9.49e-05,6447862.678325983,0.020600545069084694,,454.13262921,38.81192547
40.0,0.19682541,0.00923853,9.718e-05,6577701.619099799,0.021011849265198716,,474.81099199,38.6404509
41.0,0.19668688,0.0093666,9.77e-05,6626179.182003439,0.02116534027341533,,483.37279806,38.4659657
42.0,0.19660471,0.00950448,9.421e-05,6570753.550231175,0.02098770305811965,,482.3109359,38.26818091
43.0,0.19633071,0.00964675,9.215e-05,6420256.686114543,0.02050416627853434,,480.94827958,38.08047516
44.0,0.19614795,0.00976378,9.047e-05,6464396.277199976,0.020643282571896245,,490.75317106,37.89460196
45.0,0.19605357,0.00985189,8.891e-05,6499190.620866331,0.020753507816896336,,496.76812763,37.68359661
46.0,0.19599987,0.0099202,8.952e-05,6494424.40855474,0.02073780242715295,,498.32159711,37.4981161
47.0,0.1959598,0.01001634,9.401e-05,6445670.983851701,0.02058180553785044,,496.00171624,37.2967971
48.0,0.19591942,0.01008324,9.766e-05,6399255.204430171,0.020433219691020924,,493.84987909,37.12636971
49.0,0.195918,0.01010623,9.953e-05,6461928.709485871,0.02063334717659316,,498.73763473,36.9640579
50.0,0.19604411,0.01014934,9.718e-05,6538493.664955241,0.020879467746120314,,500.12536587,36.75331435
51.0,0.19606048,0.01021116,9.899e-05,6405283.714532798,0.02045439187704827,,489.36319787,36.56259797
52.0,0.19607299,0.01031306,0.00010143,6413058.060850761,0.020479561581267867,,489.52144117,36.38065168
53.0,0.19620572,0.01032891,0.00010106,6490829.439264066,0.020729529734290177,,490.72763216,36.19909807
54.0,0.19640435,0.01037089,9.803e-05,6497927.005792043,0.020754689874552548,,484.17347583,35.99149603
55.0,0.19650087,0.01034661,9.52e-05,6522475.13219454,0.020834228753214404,,482.53956035,35.8187125
56.0,0.19655569,0.01032798,9.699e-05,6440783.634182271,0.020573856833965516,,474.55145303,35.64121668
57.0,0.19658528,0.01035238,9.868e-05,6510532.247728716,0.020797034831520473,,478.63067139,35.43387644
58.0,0.19671262,0.01031972,9.531e-05,6595575.674196086,0.021070193272573635,,480.25816962,35.26645967
59.0,0.19718626,0.01026915,9.663e-05,6641697.411292214,0.02122307209060163,,466.26747879,35.08294261
60.0,0.19739231,0.01020636,9.723e-05,6541891.031371778,0.020906416868669748,,451.81208453,34.93895633
61.0,0.19772285,0.01011812,9.522e-05,6596093.226446476,0.021083372271159466,,443.49366889,34.78109501
62.0,0.19766071,0.0100061,9.813e-05,6516117.93551737,0.020826710510556092,,440.35087555,34.62572073
63.0,0.19781805,0.00991036,9.9e-05,6710836.187567391,0.021450713809223875,,447.65996538,34.46484879
64.0,0.19806926,0.00980471,9.623e-05,6653929.809159409,0.021271599759961065,,434.5978562,34.2630062
65.0,0.19838454,0.00968623,9.429e-05,6591730.9428914115,0.02107621832465025,,418.9989657,34.11155882
66.0,0.19852011,0.00960917,9.431e-05,6636623.526755781,0.0212211750845753,,416.8511533,33.9266019
67.0,0.19853527,0.00954864,9.751e-05,6732732.973520817,0.021528477139564347,,422.31704302,33.79099301
68.0,0.19852683,0.00947149,9.898e-05,6659200.616548468,0.02129304446861045,,418.01296,33.6172932
69.0,0.19846407,0.00943713,9.898e-05,6557958.474841006,0.020968506408751676,,413.94248272,33.44896015
70.0,0.19837803,0.0094944,9.974e-05,6606991.536946631,0.021124395908419403,,420.19706005,33.28232876
71.0,0.19826514,0.00954093,9.972e-05,6589391.23616638,0.021066906811399114,,423.20921841,33.09148149
72.0,0.19806519,0.00956932,0.0001026,6628536.043035151,0.021189711341069395,,433.07528829,32.93060955
73.0,0.19774614,0.00959844,0.00010657,6555404.639018669,0.02095219080501932,,439.88341298,32.77549706
74.0,0.19776719,0.00968381,0.00011088,6577796.730470231,0.02102413939792044,,440.62215774,32.60991284
75.0,0.19775763,0.00973994,0.00011258,6624594.464402114,0.02117370757057752,,444.10977017,32.42259979
76.0,0.19793714,0.00974482,0.0001132,6673846.343448586,0.021333274326882107,,440.77689287,32.25099432
77.0,0.19829738,0.00965151,0.00011352,6657267.083040287,0.021284333350151365,,426.37818134,32.0545185
78.0,0.19858948,0.00955634,0.00011266,6745739.715015234,0.02157048683940266,,421.09611715,31.89194491
79.0,0.19865711,0.00945996,0.00011505,6559315.105516094,0.020974891897551463,,406.98740743,31.73905766
80.0,0.19867796,0.00944451,0.0001135,6643512.898457689,0.021244367932242894,,411.44124368,31.60331787
81.0,0.19881618,0.00943112,0.00011232,6777739.355795572,0.021675241851287462,,414.54287351,31.41587392
82.0,0.19888025,0.009357,0.00011602,6738691.591943559,0.021550894100095846,,409.74714211,31.22123066
83.0,0.1989248,0.00925397,0.00012194,6739178.798423902,0.021552640381401478,,408.09908968,31.0725321
84.0,0.19891036,0.00922324,0.00012777,6546413.18307936,0.020935822705023085,,396.94914605,30.92357175
85.0,0.19889896,0.00924816,0.00013321,6592311.454304171,0.02108244608487558,,400.14970121,30.77945458
86.0,0.19837193,0.00923381,0.00013772,6554531.546399482,0.020955379448591473,,417.0585479,30.5933196
87.0,0.1978573,0.00930639,0.00014532,6508059.817784109,0.020800868931738967,,432.67387456,30.4425267
88.0,0.19740065,0.00943975,0.00015029,6367205.235735138,0.020345679368064272,,439.39842066,30.24552729
89.0,0.19702688,0.00964683,0.0001528,6434716.833094084,0.020557507020180422,,457.3441696,30.03033326
90.0,0.19690911,0.00975232,0.00015501,6533809.300184237,0.020872907115596917,,468.63486438,29.8392242
91.0,0.19691206,0.00982475,0.00015742,6463959.656578582,0.020649929843315033,,463.52274978,29.64693708
92.0,0.19693047,0.00985544,0.00015995,6543020.040276496,0.020902747412048017,,468.52879206,29.48711231
93.0,0.19739526,0.00979047,0.00016433,6550931.531942736,0.02093329015298127,,452.28533462,29.30856933
94.0,0.19771095,0.00987895,0.00017135,6615048.599197046,0.021142021282208413,,445.16597436,29.1475665
95.0,0.1979826,0.0099096,0.00017746,6714463.721229165,0.021462996742500837,,441.75445944,28.96640559
96.0,0.19804047,0.00968256,0.00018107,6563537.217480664,0.020980644495878064,,429.7075139,28.84179201
97.0,0.19824765,0.00961525,0.0001848,6673428.32890129,0.021334164684691823,,429.2300712,28.66337993
98.0,0.19855947,0.00951182,0.00018805,6693844.948283544,0.021402852863693013,,418.94670084,28.53601752
99.0,0.19882472,0.00935083,0.00018843,6644874.459135711,0.021249019327991645,,406.07349849,28.37318214
100.0,0.19920255,0.00925792,0.00018615,6744005.526752382,0.02157034855097253,,397.93659892,28.25982567
101.0,0.19959229,0.0091386,0.00018387,6799841.356908189,0.021753361986801504,,386.43947954,28.14437486
102.0,0.19994042,0.00898757,0.00017922,6835188.645898805,0.021870336003293578,,375.14174042,27.98978596
103.0,0.20019967,0.00879675,0.00017273,6945596.220151982,0.022226400382906786,,371.11519924,27.89815833
104.0,0.20087061,0.00858113,0.00016012,6925535.793462211,0.022169997425472952,,343.96674779,27.77236668
105.0,0.20149915,0.00836663,0.00014556,7040664.240128553,0.02254593437843454,,324.77232681,27.71464128
106.0,0.20227556,0.00809035,0.00013073,7033726.773008785,0.022532691610426453,,293.60317782,27.61646882
107.0,0.20340978,0.00776714,0.00011689,7102788.656508335,0.022767110088758275,,250.76878622,27.52183057
108.0,0.20412446,0.00741557,0.00010755,7197942.6654002145,0.023080093994682395,,224.80178231,27.46528323
109.0,0.2044017,0.00704993,9.809e-05,7244629.823024603,0.023232422050317007,,214.7779686,27.43373715
110.0,0.20484442,0.00672688,9.116e-05,7228328.476924046,0.023184826433714074,,195.97508303,27.41658969
111.0,0.20523446,0.00647202,8.506e-05,7336722.136552899,0.023536741751857878,,182.50071289,27.39800237
112.0,0.20558636,0.00617526,7.698e-05,7350723.5682989545,0.023585356931244528,,167.98566766,27.39800237
113.0,0.20594985,0.00588882,7.03e-05,7344971.372524383,0.02357072539359092,,152.48761342,27.36069684
114.0,0.20632057,0.0055704,6.873e-05,7412946.91829768,0.02379263018085075,,138.05380292,27.39813327
115.0,0.20719655,0.00529477,7.068e-05,7456018.35581334,0.023940878858663358,,101.09271315,27.35559187
116.0,0.20712688,0.00505592,7.469e-05,7418598.2992947465,0.023819203817682325,,103.5761602,27.32967434
117.0,0.20739345,0.00482295,7.457e-05,7497521.290580999,0.024075284843485197,,93.09386276,27.33922979
118.0,0.20743871,0.00462471,7.573e-05,7458405.265467305,0.023949707536679007,,90.6486256,27.3390989
119.0,0.20766216,0.00446034,7.968e-05,7527466.465575924,0.024173727271158567,,81.72609142,27.31318137
120.0,0.20774444,0.00431448,8.435e-05,7581547.409230908,0.024347961722734204,,78.68935121,27.27639942
121.0,0.20793818,0.00412764,8.898e-05,7529056.178541745,0.024181204884407816,,69.66660493,27.2695928
122.0,0.20798741,0.0040326,9.06e-05,7549523.586213879,0.02424727315799158,,67.69459978,27.26291707
123.0,0.20801029,0.00392759,9.57e-05,7599334.154544634,0.024407174199825053,,67.12902707,27.25100548
124.0,0.20805484,0.0037812,9.825e-05,7594062.981307468,0.024390372255634174,,65.11391032,27.2154016
125.0,0.20811952,0.00366175,0.00010022,7537225.857387704,0.024208277263122562,,61.78957947,27.24590051
126.0,0.20818706,0.00357275,9.937e-05,7570556.907565731,0.024315948578876832,,59.08732555,27.23294174
127.0,0.20826638,0.0034375,9.986e-05,7694621.508772156,0.0247150627846508,,56.50160925,27.24118823
128.0,0.20837267,0.00332067,0.0001009,7615883.396594851,0.02446315073648264,,51.20907008,27.23987926
129.0,0.20843318,0.003222,0.00010245,7653680.26493675,0.024585026674020037,,48.76441327,27.20401359
130.0,0.20846105,0.00314352,0.00010556,7706137.542107835,0.02475361656364014,,47.84681567,27.17875055
131.0,0.20847691,0.00305783,0.00010445,7702336.886625553,0.02474140249440956,,47.11068447,27.16775523
132.0,0.20848983,0.00299883,0.00010416,7615807.70803423,0.024463466412090493,,46.00787857,27.15021508
133.0,0.20850193,0.00293217,0.00010683,7655683.281566459,0.024591484184481628,,45.7083504,27.15545095
134.0,0.20852766,0.00284894,0.00010914,7741210.222853117,0.024866275656712455,,45.05750816,27.13084239
135.0,0.20851668,0.00276296,0.00010687,7747200.914291895,0.024885196293394436,,45.58804379,27.15073867
136.0,0.20854831,0.00268598,0.00010689,7730961.1936431965,0.024833226337410412,,44.06674614,27.12770087
137.0,0.20853244,0.00263634,0.00010683,7660159.195475512,0.02460547280801248,,44.37139516,27.12102514
138.0,0.20858452,0.00261863,0.0001024,7800011.774194051,0.025055390663421866,,42.81372276,27.12469025
139.0,0.20864117,0.00255794,9.962e-05,7805254.088565241,0.02507283680234224,,40.26397869,27.08306512
140.0,0.20869416,0.00251157,9.857e-05,7741301.906263738,0.02486796484903033,,37.54136361,27.08463588
141.0,0.20870239,0.00245079,9.588e-05,7703015.605440642,0.024744967320314712,,36.98534486,27.05138814
142.0,0.20868968,0.0024245,9.323e-05,7799680.828633768,0.025055310379535057,,38.02787512,27.07717478
143.0,0.20872111,0.00240035,9.066e-05,7761328.977585256,0.024932488785726226,,36.41794512,27.02285268
144.0,0.20877338,0.00231606,9.065e-05,7766997.601756641,0.024951134390651244,,34.07511257,27.05361339
145.0,0.20877898,0.00225642,8.852e-05,7775779.129385364,0.024979296757853292,,33.85965266,27.0299211
146.0,0.20876576,0.00222477,8.736e-05,7793458.574582364,0.025035861916940693,,34.53785339,27.01709323
147.0,0.2087622,0.00221085,8.706e-05,7819618.881867664,0.025119823378191953,,34.8161685,27.02337627
148.0,0.20880023,0.00220464,8.41e-05,7799179.550775726,0.025054681227637987,,32.99397781,26.98895046
149.0,0.20881579,0.00217149,8.493e-05,7767954.747295448,0.024954465684464633,,32.15626242,26.97625349
150.0,0.20878081,0.00212496,8.581e-05,7823928.798781347,0.025133699613693026,,33.98533096,26.9872488
151.0,0.20881773,0.0021052,8.497e-05,7821805.655002053,0.02512730948921378,,32.29073718,26.97926411
152.0,0.20881701,0.00207544,8.376e-05,7794102.299079897,0.025038247712118794,,32.20868368,26.95792796
153.0,0.20883512,0.00207677,8.132e-05,7835455.747487722,0.025171371648882793,,31.55167692,26.95779707
154.0,0.20881762,0.00206439,7.696e-05,7784252.641944265,0.025006707917870408,,32.1403764,26.92755995
155.0,0.2088398,0.0020164,7.283e-05,7861979.350574815,0.02525663298453032,,31.44377223,26.95072865
156.0,0.20885159,0.00195547,6.876e-05,7846637.0207097335,0.025207407953645174,,30.8419141,26.92965429
157.0,0.20883441,0.0019378,6.704e-05,7851785.293565004,0.025223713143706458,,31.64992628,26.90556932
158.0,0.2088459,0.00192058,6.741e-05,7881131.851855713,0.025318082191546847,,31.23944266,26.87415413
159.0,0.20883186,0.00188191,6.86e-05,7858526.858157191,0.025245160726531504,,31.79351006,26.90177332
160.0,0.2088223,0.00187501,6.984e-05,7818034.461737948,0.02511491898935729,,32.06589851,26.89130159
161.0,0.20888567,0.00185663,7.036e-05,7845577.51517745,0.025204145153310344,,29.27684682,26.8676093
162.0,0.20890306,0.00183961,7.088e-05,7879673.166754984,0.02531384509039339,,28.60387941,26.88946903
163.0,0.20889543,0.00185029,7.112e-05,7864111.390057152,0.025263779097528354,,28.89766834,26.83737218
164.0,0.2088755,0.00184489,7.353e-05,7857584.7915724665,0.02524250045326268,,29.78812275,26.83239811
165.0,0.20890611,0.00184933,7.447e-05,7869983.379790308,0.02528271507784354,,28.42845076,26.84679674
166.0,0.20891435,0.00185009,7.393e-05,7886595.263736181,0.025336198591005374,,28.1090974,26.80517162
167.0,0.20891913,0.00177174,7.3e-05,7964856.750569059,0.025587486433428307,,28.16549904,26.80111382
168.0,0.20892319,0.00175101,7.027e-05,7899094.4493756825,0.02537626853309503,,27.74529301,26.77310195
169.0,0.20893916,0.00175597,6.823e-05,7902744.240348703,0.025388248479985,,27.02126425,26.80006665
170.0,0.20898391,0.0017279,6.819e-05,7866120.2538088765,0.025271085701321,,24.8400284,26.8174759
171.0,0.20899388,0.00175049,6.802e-05,7919054.708338987,0.025441336711041772,,24.54619483,26.79548527
172.0,0.20900273,0.00168955,6.572e-05,7945506.475914869,0.025526310033080056,,24.21738095,26.79142747
173.0,0.20901717,0.00167157,6.245e-05,7904562.012335904,0.02539496535946111,,23.42569488,26.76053587
174.0,0.20903192,0.00166326,6.09e-05,7898950.066262159,0.02537713035151986,,22.72851402,26.74194855
175.0,0.20902958,0.00161753,5.923e-05,7840763.84786969,0.02519007384406138,,22.66816494,26.7594887
176.0,0.20904717,0.00163915,5.765e-05,7858867.767553136,0.025248545990702177,,21.91267607,26.78448995
177.0,0.20903975,0.00161592,5.394e-05,7884747.191421827,0.02533160167583975,,22.32687979,26.74417379
178.0,0.2090429,0.00156293,4.946e-05,7893026.671548151,0.025358182498231945,,22.20487198,26.73710538
179.0,0.20903456,0.00157144,4.633e-05,7928901.342268484,0.025473411968222896,,22.69221784,26.76472456
180.0,0.20906507,0.00155398,4.389e-05,7956780.642006627,0.02556337081544624,,21.35347831,26.72532468
181.0,0.20909386,0.00155011,4.308e-05,7901040.673046198,0.025384662419820084,,19.87493442,26.76773518
182.0,0.20906548,0.00151768,4.384e-05,7920134.421104138,0.0254455436382707,,21.23622319,26.74940966
183.0,0.20912681,0.0014649,4.448e-05,7906941.333863276,0.025403787285074437,,18.36673828,26.73474924
184.0,0.20912345,0.00145215,4.171e-05,7940084.924770146,0.025510246442772326,,18.59950397,26.69273143
185.0,0.2091385,0.0014607,3.973e-05,7983916.860735984,0.025651325287199985,,17.9997608,26.68173611
186.0,0.20916912,0.00144739,4.097e-05,7986525.053171975,0.025660040662788184,,16.57632329,26.71027157
187.0,0.20920268,0.00139251,3.837e-05,8032731.119334984,0.025808831348545776,,15.09587773,26.71747089
188.0,0.20918793,0.00138795,3.789e-05,7917072.184418547,0.025437032312130087,,15.56118584,26.71891075
189.0,0.2091979,0.00137271,3.797e-05,7949493.601449805,0.025541285616292455,,15.16161257,26.69678922
190.0,0.20920197,0.00133097,3.664e-05,7895269.4175074985,0.025367031228224597,,14.87033568,26.68697198
191.0,0.20922851,0.00130581,3.526e-05,7943051.2386651095,0.02552084929462321,,13.72736244,26.69875267
192.0,0.20924123,0.00131424,3.381e-05,7996510.339046692,0.025692825911078538,,13.22525713,-9.26809674
193.0,0.20931191,0.00126677,3.058e-05,8091060.821345245,0.025997469728737427,,10.03631309,-244.33354809
194.0,0.20932523,0.00121826,2.685e-05,8093115.926806407,0.026004184293497143,,9.40800259,-278.5837108
195.0,0.20939226,0.00118237,2.377e-05,8027985.760224368,0.02579573975753959,,6.18377309,-278.60295261
196.0,0.20941056,0.00114559,2.158e-05,8067349.515647081,0.025922403003873835,,5.34970252,-278.61486422
197.0,0.2094067,0.00113652,1.739e-05,7970646.601411567,0.025611676120085657,,5.4658858,-278.60295261
198.0,0.20948522,0.00112031,1.236e-05,8065028.394175899,0.025916017408201097,,1.82366032,-278.63803294
199.0,0.2094723,0.00107446,1.051e-05,8004970.732962504,0.025722773433100133,,2.41544925,-278.57245368
200.0,0.20949193,0.00105276,1.039e-05,8062595.3981505595,0.025908139467626025,,1.50621632,-278.62245623
201.0,0.2095442,0.00103223,9.45e-06,8083288.985168766,0.025975276785185457,,-0.96445065,-278.60687952
202.0,0.20951247,0.0009936,1.049e-05,8097372.631889579,0.026019995794948923,,0.53860724,-275.6855267
203.0,0.20953485,0.00101082,1.07e-05,8059593.466027515,0.02589892960250795,,-0.51996263,-46.2941649
204.0,0.20947433,0.00102663,1.168e-05,8007490.970387249,0.025730747045210087,,2.32083387,-1.42660806
205.0,0.20955143,0.00102268,1.219e-05,8037575.689824286,0.025828395626414584,,-1.29892058,-1.33026816
206.0,0.20952447,0.00100768,1.093e-05,8081721.998366347,0.02596989031190721,,-0.03040497,-1.29322443
207.0,0.20952142,0.00101272,7.84e-06,8117663.035866661,0.026085415842048213,,0.11450503,-1.26822318
208.0,0.209544,0.00100792,5.22e-06,8106546.967075819,0.026050025789612307,,-0.95756872,-1.26625973
209.0,0.20954207,0.00096541,3.65e-06,8066890.74200234,0.02592248102844217,,-0.86158515,-1.26796138
210.0,0.20952722,0.0009315,2.82e-06,8049616.537648666,0.025866702659277305,,-0.1597318,-1.24230565
211.0,0.20954054,0.00091085,6.09e-06,8061221.197693788,0.02590404848312833,,-0.78894911,-1.21023598
212.0,0.20955234,0.00087125,6.15e-06,8107349.458631001,0.02605232215052905,,-1.35364508,-1.19007791
213.0,0.20952051,0.0008552,5.45e-06,8096376.117395572,0.026016615151395934,,0.15760151,-1.19753901
214.0,0.20952813,0.00087565,7.28e-06,8129875.432196308,0.026124381838623815,,-0.20490236,-1.20748716
215.0,0.20957004,0.00088274,6.87e-06,8090267.402275675,0.02599767833875773,,-2.18936043,-1.19505198
216.0,0.20950932,0.00086262,9.06e-06,8056053.814735546,0.02588685250994433,,0.68458362,-1.17149059
217.0,0.209556,0.00085177,1.027e-05,8098609.981782737,0.026024155542587055,,-1.5258477,-1.20159681
218.0,0.20957604,0.00083238,9.31e-06,8075209.2224542145,0.025949184656240937,,-2.46909646,-1.20643998
219.0,0.2095859,0.00079584,5.39e-06,8146919.255819235,0.02617972329087045,,-2.96181129,-1.18130784
220.0,0.20956617,0.00080806,5.03e-06,8083297.548642984,0.025975061770448813,,-2.00447771,-1.20643998
221.0,0.20955834,0.00083161,4.25e-06,8038030.600362886,0.025829577073094367,,-1.6245642,-1.19073239
222.0,0.20954654,0.00082746,3.54e-06,8084430.85039696,0.025978529255858838,,-1.07532656,-1.18759087
223.0,0.20957329,0.00078858,2.84e-06,8128473.868893144,0.026120313409924507,,-2.35463855,-1.19282674
224.0,0.20956434,0.0007956,2.6e-06,8157207.12857973,0.02621255233019136,,-1.93533933,-1.18942343
225.0,0.20957482,0.00079935,3.53e-06,8100534.424975832,0.026030568215434778,,-2.41893256,-1.17410852
226.0,0.20954227,0.00077358,5.55e-06,8063047.68653607,0.025909577076612456,,-0.87076147,-1.18693639
227.0,0.20958051,0.00079016,5.46e-06,8088451.977800523,0.025991754699128733,,-2.68516076,-1.15787735
228.0,0.2095855,0.00076471,5.36e-06,8144233.607003452,0.026171002951641882,,-2.94141728,-1.17437032
229.0,0.20956597,0.00074503,5.14e-06,8167200.439981067,0.026244499058793475,,-2.01553975,-1.19073239
230.0,0.20959394,0.00076463,4.93e-06,8050377.685862429,0.02586951964007711,,-3.30560431,-1.18444935
231.0,0.20959292,0.00073938,7.54e-06,8110149.177387042,0.02606146112964478,,-3.28181364,-1.18824536
232.0,0.20959902,0.00074023,9.99e-06,8115823.771264886,0.026079731830992537,,-3.57422207,-1.20473833
233.0,0.20956699,0.00078201,7.82e-06,8175968.841907579,0.026272739941745313,,-2.06641228,-1.19452839
234.0,0.20958946,0.0007879,3.51e-06,8063690.869838297,0.025912332718033993,,-3.09969833,-1.1788208
235.0,0.20959262,0.00075217,2.42e-06,8050901.535898346,0.025871199013194176,,-3.24346551,-1.1827477
236.0,0.20958906,0.00073309,1.68e-06,8159909.867782677,0.026221407076070933,,-3.11722552,-1.18065335
237.0,0.20959323,0.00071233,1.59e-06,8143396.518677605,0.026168341656276132,,-3.30982717,-1.18431846
238.0,0.20961509,0.00070539,3.43e-06,8178273.601391864,0.026280650436987435,,-4.37162598,-1.18052246
239.0,0.20960502,0.0006995,5.81e-06,8067586.890694449,0.02592477069196919,,-3.83656868,-1.18968522
240.0,0.20957746,0.00069273,9.38e-06,8099067.950143898,0.026025489060886284,,-2.54390299,-1.16808728
241.0,0.20960157,0.00068466,1.163e-05,8133471.5262527075,0.02613629189181684,,-3.70311596,-1.18942343
242.0,0.20959109,0.00070398,1.125e-05,8158841.610339998,0.02621773962347027,,-3.21400162,-1.19701543
243.0,0.20961001,0.00072624,7.81e-06,8125105.43673662,0.026109704228447574,,-4.10114065,-1.19387391
244.0,0.2095916,0.00070858,5.23e-06,8074468.039792294,0.02594674433075457,,-3.20483255,-1.17253776
245.0,0.20957512,0.0007122,2.94e-06,8129003.435354486,0.026121827835295743,,-2.44194063,-1.18706729
246.0,0.20958611,0.00071757,5.87e-06,8080569.362491631,0.025966291688366856,,-2.9472928,-1.18602011
247.0,0.20955305,0.00068523,7.96e-06,8116940.1039056275,0.026082606982977326,,-1.3890627,-1.17685735
248.0,0.20957482,0.00071079,8.25e-06,8125658.033800463,0.0261109697529032,,-2.426404,-1.18104604
249.0,0.20962242,0.0007185,9.65e-06,8114927.687032373,0.02607710444185092,,-4.68589156,-1.16023348
250.0,0.2096513,0.00072043,1.023e-05,8167031.135481169,0.02624491076345665,,-6.09813319,-1.1789517
251.0,0.20960055,0.00073725,9.88e-06,8142214.548293586,0.026164550993002956,,-3.65861037,-1.1942666
252.0,0.20958448,0.00073088,6.46e-06,8111271.90434299,0.026064955994580974,,-2.88117657,-1.20617819
253.0,0.20952773,0.00068845,3.36e-06,8117633.594308057,0.026084600373046437,,-0.18525122,-1.19204136
254.0,0.20956363,0.00066531,2.15e-06,8222051.496998198,0.026420562701204128,,-1.91641322,-1.17201418
255.0,0.20960065,0.00064728,1.06e-06,8172752.696867904,0.026262604369327144,,-3.67719036,-1.18065335
256.0,0.20954868,0.00062466,9.6e-07,8139075.009026586,0.026153643121291974,,-1.18438178,-1.17214507
257.0,0.20958143,0.00062337,3.43e-06,8060210.369701505,0.02590059866241564,,-2.71895839,-1.14662024
258.0,0.20956455,0.00063635,3.93e-06,8121680.647988841,0.026097932338347944,,-1.9365525,-1.14216975
259.0,0.20953831,0.00064244,3.29e-06,8177629.439231464,0.026277400163652972,,-0.69316407,-1.17698825
260.0,0.20958295,0.00063381,2.1e-06,8139228.468152064,0.02615458828402006,,-2.81835267,-1.14753651
261.0,0.20960991,0.00062994,1.2e-06,8089820.950420706,0.02599617912885575,,-4.07848899,-1.15421224
262.0,0.20957156,0.00061982,2.49e-06,8184934.435183425,0.026301263900142598,,-2.2880625,-1.16311321
263.0,0.20958489,0.00064708,4.31e-06,8149573.927710522,0.026187852443476833,,-2.91418119,-1.15604479
264.0,0.2095677,0.0006599,7e-06,8151480.266041527,0.026193737335792694,,-2.09418868,-1.18353308
265.0,0.2095502,0.0006355,5.27e-06,8135314.594263982,0.026141527842079425,,-1.25651907,-1.15041624
266.0,0.20958499,0.00064454,3.65e-06,8168567.442616676,0.026248893063042785,,-2.92584006,-1.16023348
267.0,0.20957065,0.00067603,2.89e-06,8224632.982825329,0.026428966417258715,,-2.25507719,-1.15840093
268.0,0.20959109,0.00069878,1.61e-06,8171013.694006547,0.02625702207028836,,-3.2188172,-1.19963336
269.0,0.20955132,0.00069357,5.9e-07,8126795.287469614,0.02611441446605353,,-1.30846385,-1.17410852
270.0,0.20958631,0.00068676,-1.99e-06,8150133.857436907,0.026189898526771373,,-2.98238393,-1.12973458
271.0,0.20952875,0.0006943,-6.7e-07,8144336.8759464,0.026170512339881484,,-0.23436848,-1.17149059
272.0,0.2095618,0.00070099,1.1e-06,8162807.606620467,0.026230283739335995,,-1.81508769,-1.2136393
273.0,0.20957166,0.00071374,1.63e-06,8163098.748616192,0.026231373739895338,,-2.28684525,-1.17031252
274.0,0.20953668,0.00073644,5.69e-06,8212707.94138529,0.02639031190339643,,-0.61787656,-1.16795638
275.0,0.20956658,0.00073882,7.36e-06,8159953.167598051,0.026221159526715155,,-2.04291212,-1.18615101
276.0,0.20955671,0.00072539,4.66e-06,8126577.470917262,0.026113795379185033,,-1.56498847,-1.1942666
277.0,0.20958489,0.0006966,2.48e-06,8128868.953244101,0.026121489282720973,,-2.9067963,-1.16952714
278.0,0.20955295,0.00067083,1.25e-06,8172790.162385905,0.026262159332891787,,-1.39375684,-1.19636095
279.0,0.20956973,0.00067644,3.27e-06,8200467.74354824,0.026351295811805866,,-2.20448488,-1.17306135
280.0,0.20956241,0.00067402,1.87e-06,8194317.366801018,0.02633145576266231,,-1.85137563,-1.20172771
281.0,0.20960574,0.00065252,-1.01e-06,8168675.7241218295,0.026249623783252067,,-3.91871081,-1.19086329
282.0,0.20954736,0.00063708,-2.56e-06,8109082.069020925,0.02605734851405687,,-1.11722975,-1.21704261
283.0,0.20958611,0.00061905,-3.75e-06,8128999.582728153,0.02612183001526726,,-2.96494711,-1.21285392
284.0,0.20961092,0.00061784,-3.72e-06,8150130.311682311,0.026190052876747187,,-4.15746394,-1.2094506
285.0,0.20957055,0.00061562,-2.89e-06,8109889.472653373,0.02606019291513273,,-2.2187802,-1.17266866
286.0,0.20959923,0.00060042,-2.9e-07,8229046.532390021,0.026443377926622404,,-3.6338649,-1.19387391
287.0,0.20961184,0.00059727,9e-08,8187057.833452315,0.026308600643003836,,-4.22018306,-1.20500012
288.0,0.20963269,0.00060449,-3e-07,8162975.455318778,0.026231514179708093,,-5.20488696,-1.20120412
289.0,0.20961519,0.00062095,-1.01e-06,8136134.445109654,0.026145091021170654,,-4.35392409,-1.19727722
290.0,0.209586,0.00064631,2.51e-06,8132791.378580155,0.02613396975455313,,-2.96148003,-1.19518288
291.0,0.2096036,0.00063837,5.78e-06,8225119.282119823,0.02643080514621627,,-3.84285078,-1.20107322
292.0,0.209586,0.00062397,7.39e-06,8226233.430580006,0.02643408198075675,,-2.9954885,-1.21141405
293.0,0.20961509,0.00062284,5.18e-06,8223790.079602841,0.026426654120084596,,-4.39591281,-1.1751557
294.0,0.20966818,0.00065462,4.47e-06,8232819.702252124,0.026456474258412205,,-6.96171393,-1.20054964
295.0,0.2095914,0.00066099,5.37e-06,8141182.314806324,0.026160990164474464,,-3.22159509,-1.18471115
296.0,0.20959251,0.00063377,6.05e-06,8166247.503597642,0.026241461743357022,,-3.28502017,-1.19465929
297.0,0.20958946,0.00061099,3.46e-06,8119144.377969045,0.026090046966685033,,-3.12095695,-1.21089047
298.0,0.20959953,0.00064655,1.66e-06,8162751.372148945,0.026230437698988814,,-3.61919193,-1.18012977
299.0,0.20959984,0.00063978,4e-08,8170614.682784096,0.026255722049393238,,-3.63728405,-1.1789517
300.0,0.2095795,0.00062534,6.5e-07,8220612.9935623305,0.026416067833346903,,-2.68002392,-1.18850715
301.0,0.20959089,0.00065192,2.67e-06,8172060.181519614,0.026260233062384494,,-3.20947383,-1.08483704
302.0,0.20958906,0.00064788,2.62e-06,8162447.378101148,0.02622930894097899,,-3.11816488,-1.15630659
303.0,0.20957461,0.00062885,6.28e-06,8137008.3383625755,0.02614725246829833,,-2.42008111,-1.15316507
304.0,0.20958682,0.00060244,5.35e-06,8141579.547595543,0.026162046374927403,,-3.00346335,-1.18170053
305.0,0.20960065,0.00062659,5.21e-06,8139115.361873023,0.026154377841066282,,-3.66203689,-1.17934439
306.0,0.20956007,0.00065829,5.59e-06,8239054.337668803,0.026475066810807104,,-1.74859414,-1.17266866
307.0,0.20957024,0.00067164,5.43e-06,8182813.613364954,0.026294518657935688,,-2.22410741,-1.2021204
308.0,0.20956251,0.00067853,7.03e-06,8162412.3745672805,0.026228848854587216,,-1.84902344,-1.17633377
309.0,0.20957939,0.00068212,8.18e-06,8158572.873918651,0.02621672062707265,,-2.65493905,-1.18562742
310.0,0.20955997,0.00064014,7.77e-06,8197446.281030581,0.02634127208444167,,-1.73487447,-1.1827477
311.0,0.20955061,0.00063833,7.86e-06,8202493.70679532,0.026357361057693665,,-1.28643633,-1.20068053
312.0,0.20955885,0.00064926,8.46e-06,8278133.584098111,0.026600545996733903,,-1.69770964,-1.19191046
313.0,0.20956078,0.00064438,1.032e-05,8152426.1070031375,0.026196580480465186,,-1.76419395,-1.19492108
314.0,0.20957838,0.00068119,1.046e-05,8151797.49207298,0.02619488971424937,,-2.60416663,-1.19073239
315.0,0.20954532,0.000667,1.163e-05,8147983.272288027,0.026182138907100003,,-1.02551623,-1.17463211
316.0,0.20956261,0.00065026,1.272e-05,8172587.650431709,0.026261361252895882,,-1.85618363,-1.21403199
317.0,0.20958428,0.00066768,1.219e-05,8177387.270388659,0.026277127087000245,,-2.89488659,-1.19452839
318.0,0.20958194,0.00065333,9.42e-06,8178321.251215419,0.026280110581794042,,-2.78315835,-1.18431846
319.0,0.20955671,0.00064167,1.04e-05,8190790.029869547,0.026319794497137842,,-1.5773339,-1.20918881
320.0,0.2095498,0.0006401,8.27e-06,8231090.458181984,0.026449238359802417,,-1.25169839,-1.20369115
321.0,0.20957044,0.00067119,6.13e-06,8253520.517368359,0.02652171505127059,,-2.25315787,-1.20303667
322.0,0.20954471,0.00068164,5.41e-06,8188531.24321968,0.02631258344376227,,-1.00136143,-1.18117694
323.0,0.20959211,0.00065405,5.85e-06,8068391.704794413,0.025927065133878862,,-3.22643562,-1.2097124
324.0,0.20958316,0.00062841,4.04e-06,8196559.522289258,0.02633876677114087,,-2.84796508,-1.2019895
325.0,0.20960045,0.00063454,4.29e-06,8221249.039968168,0.026418344604394645,,-3.68920055,-1.19884798
326.0,0.20956688,0.00067402,7.36e-06,8200338.603449734,0.026350758717039312,,-2.0676638,-1.1902088
327.0,0.20956444,0.00069781,7.28e-06,8206409.593087825,0.026370302232746484,,-1.95187483,-1.18143873
328.0,0.20956973,0.000677,5.33e-06,8146567.96247265,0.02617805741258138,,-2.18999218,-1.20774895
329.0,0.20956007,0.00065107,6.97e-06,8147185.48417304,0.026179812966786172,,-1.72909357,-1.16560024
330.0,0.20958112,0.00064704,5.92e-06,8209897.153556549,0.026381614636427377,,-2.75478137,-1.18235501
331.0,0.20959068,0.00064567,7.43e-06,8236937.5364449965,0.026468599889486757,,-3.22512577,-1.18628191
332.0,0.2095735,0.00064792,7.72e-06,8234816.291211331,0.026461556741888943,,-2.3952112,-1.18693639
333.0,0.20956851,0.00063337,4.47e-06,8194103.829396801,0.026330688194478116,,-2.14418707,-1.16062617
334.0,0.20957828,0.00061816,3.83e-06,8136130.279730358,0.026144495888415626,,-2.59430985,-1.17855901
335.0,0.20962791,0.00061591,6.21e-06,8197109.95293827,0.026341049276765078,,-4.99706315,-1.17620287
336.0,0.20958641,0.0006274,5.02e-06,8179362.054406526,0.02628352589265894,,-2.99791845,-1.19256494
337.0,0.20956393,0.00063062,6.07e-06,8250439.785878866,0.0265116174248447,,-1.9377616,-1.20054964
338.0,0.2095977,0.00065361,7.97e-06,8135611.853668661,0.02614310301777237,,-3.51989704,-1.16114976
339.0,0.20958367,0.0006576,9.2e-06,8173260.550431368,0.026263887262250277,,-2.86421371,-1.19910977
340.0,0.20958895,0.00060715,8.38e-06,8202830.566279096,0.02635885303097091,,-3.12867845,-1.2018586
341.0,0.2095918,0.0005926,5.82e-06,8220332.184730996,0.026415138653316666,,-3.27248112,-1.17437032
342.0,0.20956546,0.0005738,4.51e-06,8241442.669724316,0.02648259870400261,,-2.00927922,-1.18772177
343.0,0.20959201,0.00055654,3.61e-06,8126744.1451437045,0.02611434935838582,,-3.24490029,-1.18418756
344.0,0.20956678,0.00054832,1.95e-06,8149237.699494494,0.026186308036983737,,-2.04990551,-1.19714632
345.0,0.20960268,0.00055477,4.43e-06,8192573.053614643,0.02632600295592037,,-3.78368503,-1.18916163
346.0,0.2095977,0.0005611,7.03e-06,8251704.565933013,0.026515917835016837,,-3.57009274,-1.19636095
347.0,0.20960462,0.00056884,6.89e-06,8146818.834555383,0.026178993943426154,,-3.85477604,-1.15277238
348.0,0.20960045,0.00057558,3.43e-06,8207263.109354513,0.02637325516334079,,-3.68290398,-1.19073239
349.0,0.20957451,0.00056046,5.4e-07,8196381.368392532,0.026337959130550547,,-2.43284953,-1.19125598
350.0,0.20959587,0.00058554,9.5e-07,8228214.169187535,0.026440593801562974,,-3.47171434,-1.1979317
351.0,0.20958265,0.00059123,5.28e-06,8225111.928525852,0.026430383359776814,,-2.83337194,-1.20316757
352.0,0.20958,0.00057308,7.53e-06,8184804.4105136655,0.026300732422048344,,-2.69270166,-1.14845279
353.0,0.20958356,0.0006005,9.14e-06,8210623.4517615065,0.02638379053644389,,-2.87239849,-1.13379237
354.0,0.20958682,0.00061808,1.083e-05,8179114.8719787225,0.026282600994631224,,-3.0173033,-1.1750248
355.0,0.20960746,0.00060812,8.68e-06,8229256.60961794,0.02644401189448241,,-4.03107902,-1.16625473
356.0,0.20957055,0.0005905,5.4e-06,8201661.094186522,0.026354863136467496,,-2.24386852,-1.2133775
357.0,0.20956424,0.00059211,3.95e-06,8177924.097236967,0.02627853668864444,,-1.93533975,-1.2057855
358.0,0.20957756,0.00064256,5.81e-06,8179789.915520119,0.026284811209884303,,-2.57412358,-1.19845529
359.0,,0.00062881,,,0.02650942458800887,,,-1.19112508
360.0,,0.00062284,,,0.026484052210753603,,,-1.18706729
361.0,,,,,0.02628525764634408,,,-1.18615101
362.0,,,,,0.026306590224959764,,,-1.21075957
363.0,,,,,0.026409283279287633,,,-1.1904706
364.0,,,,,0.02643647198063245,,,-1.18759087
365.0,,,,,,,,-1.16861087
366.0,,,,,,,,-1.15512852
367.0,,,,,,,,-1.17201418
368.0,,,,,,,,-1.1710979
369.0,,,,,,,,-1.18889984
370.0,,,,,,,,-1.18680549
