Time (s),O2 (Vol fr),CO2 (Vol fr),CO (Vol fr),HRR (kW/m2),MFR (kg/s),k_smoke (1/m),Mass (g)
0.0,0.2095166,0.00058444,1.47e-06,-1.8128931947714286,0.013006259074650247,,197.14796221
1.0,0.20951955,0.00056578,9e-08,-1.7447984866443385,0.01300734854742927,,196.99775292
2.0,0.20951263,0.00055557,3e-07,-1.3143876725574717,0.012966940207839114,,196.250445
3.0,0.20950155,0.00054942,3.39e-06,-0.77897951310412,0.012949602571690658,,195.84614835
4.0,0.20950216,0.00055266,7.25e-06,-0.9081387162797707,0.01302564041377877,,195.25599273
5.0,0.20954558,0.0005755,1e-05,-3.2181904526909633,0.01292492645458584,,195.37802944
6.0,0.2095409,0.0006074,1.08e-05,-3.3637047706473804,0.013071818602218819,,195.19684365
7.0,0.20951965,0.00057554,1.17e-05,-2.0416370129732493,0.013037505160409009,,195.09924099
8.0,0.20952473,0.00059305,9.03e-06,-2.374791193084709,0.012826575942763116,,194.83006594
9.0,0.20953734,0.000604,7.27e-06,-3.038755945379697,0.012806033769809044,,195.06319076
10.0,0.20955259,0.00060363,3.99e-06,-3.755162615062962,0.013016376821479587,,194.95463951
11.0,0.20954324,0.00059982,2.48e-06,-3.2406689496831205,0.012984724848172558,,194.88334017
12.0,0.20954497,0.0006124,4.16e-06,-3.474484568017252,0.012982735649713077,,194.87746532
13.0,0.20952351,0.00060486,2.87e-06,-2.3405036123829817,0.01286252980323178,,195.01231988
14.0,0.20954995,0.0005951,1.17e-06,-3.485869226205149,0.012968846087225277,,194.9283362
15.0,0.209523,0.0005944,2.95e-06,-2.250359466356523,0.013067819610332005,,194.96518754
16.0,0.20947948,0.00059879,5.37e-06,-0.25852744452201515,0.012985543411105766,,195.11245941
17.0,0.20950358,0.00058538,6.77e-06,-1.2980435825600134,0.013071444958281211,,195.1268795
18.0,0.20953002,0.00054864,5.18e-06,-2.1225033534226188,0.012814607598438983,,194.95891213
19.0,0.2095231,0.00056406,4.59e-06,-1.9809662654910205,0.013080744376795864,,195.15518561
20.0,0.20954202,0.00058386,6.73e-06,-3.0752286104694537,0.01290604173438847,,195.22448216
21.0,0.20955117,0.00061113,5.58e-06,-3.8034140062713404,0.013067628001059237,,195.12140521
22.0,0.20951873,0.00059174,6.81e-06,-2.0590752259054246,0.012912402152624215,,195.13435659
23.0,0.20956215,0.00055532,9.44e-06,-3.8575247050022266,0.013152713007399926,,195.37095291
24.0,0.20955056,0.00056545,9.55e-06,-3.4574087730806013,0.01335415001027533,,195.41781821
25.0,0.20953297,0.00053728,1.059e-05,-2.2903420323527435,0.013123485096917213,,195.40633554
26.0,0.20951893,0.00056307,8.64e-06,-1.885052115333544,0.013408953386633702,,195.34518367
27.0,0.2094925,0.00056414,6.99e-06,-0.5764399600515399,0.013423591199948669,,195.42449418
28.0,0.20949921,0.00057197,6.35e-06,-0.9752389062933894,0.013435219109212618,,195.52303147
29.0,0.20959154,0.00056586,6.54e-06,-5.5006194318037975,0.013585351754776537,,195.44639135
30.0,0.20951843,0.00060424,7.34e-06,-2.2760269996976166,0.0134998952805785,,195.47483098
31.0,0.20955026,0.00060232,5.06e-06,-3.7852051275945366,0.01350201515083261,,195.37415737
32.0,0.20956195,0.00060039,3.98e-06,-4.365415654850353,0.013635746203839628,,194.8297989
33.0,0.20950449,0.00057406,3.03e-06,-1.2025212194140182,0.013472738669254416,,195.34384848
34.0,0.20949799,0.0005643,2.98e-06,-0.7743176505134386,0.013343303095609028,,195.43424109
35.0,0.2095649,0.00057283,3.51e-06,-4.126008382293386,0.0133426801270166,,195.59606657
36.0,0.20956165,0.00059428,2.67e-06,-4.161916540308197,0.013308502277046566,,195.15678784
37.0,0.20954121,0.00060642,1.32e-06,-3.267723068009405,0.01329658782280762,,195.45239973
38.0,0.20951599,0.00059588,1.8e-06,-1.9387540321869439,0.01324976529568662,,195.17294369
39.0,0.20954243,0.00059473,3.4e-06,-3.227381614794096,0.01323302207714163,,195.28002622
40.0,0.20951121,0.00061158,2.96e-06,-1.889618212708949,0.013273825553607937,,194.93194122
41.0,0.20950978,0.00061503,4.28e-06,-1.8797750857624567,0.01328999371158875,,195.44305337
42.0,0.20948436,0.00061011,2.7e-06,-0.5712437064825695,0.013287386728392036,,195.05638128
43.0,0.20953215,0.00060404,2.73e-06,-2.81040577831756,0.013214854370720175,,195.14210071
44.0,0.20953327,0.00059838,5.32e-06,-2.8305762207722696,0.013123261111243364,,195.46001033
45.0,0.20952961,0.00056996,7.79e-06,-2.455897193445079,0.013367168910467214,,195.46495055
46.0,0.20952168,0.00058509,8.69e-06,-2.186458089214991,0.013052831022569884,,195.21006207
47.0,0.20958137,0.00057091,7.66e-06,-4.9135883273819605,0.01317063436705077,,195.53958787
48.0,0.20953938,0.0005757,8.69e-06,-2.986850554503718,0.01328194507390505,,195.30459378
49.0,0.20947053,0.00059494,9.06e-06,0.14599222134806505,0.01324930360892429,,195.29177592
50.0,0.20952819,0.00056812,7.81e-06,-2.3513110637860124,0.013271807405774792,,195.20298554
51.0,0.20947429,0.00056865,5.47e-06,0.294090920419363,0.013414145384880399,,195.38630764
52.0,0.20955788,0.00057173,3.83e-06,-3.7759036250029547,0.01333338500733395,,195.51061417
53.0,0.20954985,0.00057476,2.16e-06,-3.453694906948662,0.013590990085725521,,195.57443643
54.0,0.20929603,0.0005511,7e-08,9.356907307758842,0.013524515562853438,,195.49512592
55.0,0.2094988,0.00055282,-1.65e-06,-0.6271988863757088,0.013524363997129666,,195.54519569
56.0,0.20953968,0.00058067,-3.8e-07,-2.955308431081139,0.013535162601027906,,195.62116821
57.0,0.20953307,0.00059813,9.2e-07,-2.7897446160516743,0.013333698980033531,,195.51542087
58.0,0.20952432,0.00061413,1.77e-06,-2.537539427809425,0.01331212985289938,,195.59112635
59.0,0.20949229,0.00059403,4.27e-06,-0.8205988276631129,0.013322356151714197,,195.48471141
60.0,0.20953399,0.00057706,3.55e-06,-2.6471926634336307,0.013250242763246848,,195.55387445
61.0,0.20948446,0.00058723,2.2e-06,-0.32919203392834323,0.013043433797085642,,195.53464766
62.0,0.20951151,0.00055368,2.18e-06,-1.2917693983222323,0.01315384274680647,,195.4411841
63.0,0.20948721,0.000534,3.02e-06,0.05688922966459402,0.012978967839016491,,195.61302353
64.0,0.20946697,0.00051489,4.16e-06,1.1654715526394783,0.012759485304007197,,195.47950416
65.0,0.20953124,0.00051473,2.65e-06,-1.8313677082152597,0.012991363443594429,,195.52583538
66.0,0.2095168,0.00050956,1.49e-06,-1.068357091913308,0.012887264703023071,,195.56922917
67.0,0.20947663,0.00050612,1.59e-06,0.8626065212255181,0.013057421375601126,,195.47790192
68.0,0.20944002,0.00049771,1.47e-06,2.714694740827958,0.013171881148280953,,195.51101473
69.0,0.20958137,0.00048996,4.7e-06,-3.964569026880992,0.012895968027579719,,195.57456995
70.0,0.20950988,0.00051514,6.19e-06,-0.8863741016150065,0.01306274389880476,,195.56495655
71.0,0.20952199,0.00056189,6.62e-06,-1.9591377681781488,0.01321127934922533,,195.4915209
72.0,0.20949199,0.00054569,3.55e-06,-0.2996610756525008,0.013231798018308804,,195.40179588
73.0,0.20957171,0.00053244,3.55e-06,-4.003920580801695,0.013204118929799884,,195.40459979
74.0,0.20959134,0.00053987,3.12e-06,-4.998573657601658,0.013155133036451123,,195.51875885
75.0,0.2094449,0.0005673,1.91e-06,1.7798851032868566,0.01322418195070447,,195.53144319
76.0,0.20951273,0.00057411,3.8e-06,-1.6112634598300204,0.01339231601875251,,195.30566194
77.0,0.20953277,0.00057554,5.89e-06,-2.67111984556354,0.013550579520995419,,195.54813311
78.0,0.20947216,0.00053995,6.19e-06,0.6830757877492727,0.013469013402629697,,195.33410156
79.0,0.20945456,0.00051157,6.57e-06,1.8497840223515822,0.013592975737074213,,195.44705895
80.0,0.20950673,0.00051981,6.9e-06,-0.8137102558917012,0.01337604221070499,,195.53972139
81.0,0.2094809,0.00055336,4.28e-06,0.14824341066919225,0.013467788245012796,,195.63532126
82.0,0.20956348,0.0005545,2.29e-06,-3.874307250848813,0.01342921724647165,,195.69513794
83.0,0.20948965,0.00053006,3.53e-06,-0.0288756472408719,0.013463577043352432,,195.64079556
84.0,0.20954721,0.0005112,4.2e-06,-2.613978853948182,0.013171345441959338,,195.65588324
85.0,0.20944572,0.00051227,1.23e-06,2.3366362963015175,0.01339043390051891,,195.63305143
86.0,0.20952534,0.00054667,3.4e-07,-1.865147660306754,0.013231807479502113,,195.59513193
87.0,0.20941094,0.00057341,2.05e-06,3.369790173834242,0.013290473500555232,,195.49939854
88.0,0.20955392,0.00055934,3.94e-06,-3.3696605855269177,0.012989594177635386,,195.55520964
89.0,0.20953988,0.00054052,4.34e-06,-2.5204870952989937,0.012970663216674526,,195.54239178
90.0,0.20952727,0.00056988,4.4e-06,-2.2247668660041255,0.013021089780546549,,195.55788003
91.0,0.20949544,0.00058169,2.76e-06,-0.8058438450708614,0.013050738498021734,,195.5811124
92.0,0.20952341,0.00058083,1.62e-06,-2.1072691058112514,0.013035989346565269,,195.56148505
93.0,0.20938714,0.00061044,4.12e-06,4.056054496197923,0.013108727562010938,,195.28283013
94.0,0.20933772,0.00060293,6.31e-06,6.530987619174101,0.013260353456497924,,195.48698124
95.0,0.20941765,0.00058444,6.61e-06,2.8305484752570607,0.013170198440060456,,195.45974329
96.0,0.20956266,0.00059854,7.42e-06,-4.30112195828923,0.013207546992893032,,195.58271463
97.0,0.20957181,0.00057722,8.36e-06,-4.561818826023848,0.013264589727572494,,195.45520363
98.0,0.20971012,0.00056078,8.88e-06,-11.151780399960446,0.013329861756475958,,195.47897008
99.0,0.2094988,0.00057857,9.85e-06,-1.0613009077639337,0.01317591507471611,,195.34091105
100.0,0.20963527,0.00056504,9.41e-06,-7.633472609220634,0.013453094391967724,,195.32061611
101.0,0.20957487,0.00054429,9.59e-06,-4.512751222867741,0.01361580444499012,,195.39952605
102.0,0.20955046,0.00054216,7.5e-06,-3.2281014572378113,0.013555289727545217,,195.34478311
103.0,0.20948721,0.0005429,6.07e-06,-0.08540782157086145,0.013640911490004973,,195.57230012
104.0,0.20952382,0.00052313,5.78e-06,-1.6619663430478624,0.013373128436884495,,195.28683571
105.0,0.209697,0.00050837,6.47e-06,-10.120543280370441,0.013574463836780064,,195.18469339
106.0,0.20942619,0.0004914,4e-06,3.4975689167680746,0.013549019173189226,,195.41140928
107.0,0.20944256,0.00052453,2.58e-06,2.3536974808413915,0.013453235482387981,,195.62891233
108.0,0.20954192,0.000552,3.34e-06,-2.8372482404732597,0.013557253259459388,,195.28937258
109.0,0.20920522,0.00056205,1.96e-06,13.617896250693775,0.013457339098477768,,195.40700314
110.0,0.20930681,0.00058313,1.16e-06,8.422707657402844,0.013438567829265948,,195.33370101
111.0,0.20964788,0.00057447,3.12e-06,-8.168460276982628,0.013331798918377949,,195.18082133
112.0,0.20925108,0.00055069,2.94e-06,11.44722634194511,0.013430813372912086,,195.39391824
113.0,0.20927772,0.00053105,3.21e-06,10.298550382339892,0.013376444064981442,,195.4570729
114.0,0.2093905,0.00052162,3.86e-06,4.976546344917378,0.0136223057565768,,195.25652681
115.0,0.20916708,0.00054983,5.67e-06,15.838265762667081,0.013707003334749116,,195.22875478
116.0,0.20868313,0.00060687,7.38e-06,38.92024552153592,0.013557048232036501,,195.06372484
117.0,0.20833382,0.00076343,1.14e-05,53.78930863979851,0.013392571462853536,,196.8528844
118.0,0.20747961,0.00093196,1.053e-05,93.47932191733358,0.013377252917829931,,196.82978555
119.0,0.2067399,0.00119666,1.099e-05,127.73577696251618,0.013496650913251484,,196.78251969
120.0,0.20600752,0.00144352,1.178e-05,160.05105369783462,0.013424933489080916,,196.68278072
121.0,0.20508863,0.00172186,1.583e-05,200.6546557470985,0.01336124630011006,,196.66889471
122.0,0.20427611,0.00206832,2.078e-05,234.47118230282223,0.013267331002726443,,196.57342836
123.0,0.20362752,0.00245136,2.491e-05,262.75577715957553,0.013330869550712075,,196.49892455
124.0,0.20358705,0.00285199,2.925e-05,259.2940521878853,0.013258301630802896,,196.4041258
125.0,0.20308713,0.00321444,3.465e-05,278.49120128155505,0.013214391378667744,,196.31680413
126.0,0.20263247,0.00362553,3.778e-05,292.15281303433494,0.013044271821464554,,196.2242752
127.0,0.20218655,0.00389137,4.199e-05,309.86430811993483,0.013024337782726814,,196.15898423
128.0,0.20155463,0.00424685,4.346e-05,337.7947861391197,0.013100232323398674,,196.00770679
129.0,0.20101882,0.00461927,4.61e-05,358.58613948699275,0.01307684161542535,,195.9823381
130.0,0.20068588,0.0050183,4.881e-05,367.8629848236877,0.012991440317910313,,195.86390642
131.0,0.20038772,0.00537714,5.114e-05,374.4000460425707,0.012859067117953458,,195.75054848
132.0,0.20014651,0.0056805,5.507e-05,382.91003996647066,0.01287056048604144,,195.6431989
133.0,0.19989502,0.00595459,6.022e-05,383.6573290523547,0.012602918498131358,,195.56509007
134.0,0.19952578,0.00629773,6.503e-05,396.05763716588484,0.012572477982192479,,195.47469746
135.0,0.19933572,0.00666403,6.836e-05,400.2720679299966,0.012543247158279503,,195.35773449
136.0,0.19916742,0.00695788,6.868e-05,398.49187424207105,0.012337641991113668,,195.26694132
137.0,0.19894898,0.00721688,6.978e-05,403.430405010888,0.012266757027108064,,195.18322467
138.0,0.19885726,0.00747661,7.296e-05,410.37995082794686,0.012426354563191765,,195.07066785
139.0,0.19877377,0.00770501,7.395e-05,412.4953843245453,0.012440453793903752,,194.93981886
140.0,0.19871316,0.0079595,7.382e-05,411.30104583917193,0.012391614541533535,,194.8435514
141.0,0.1985232,0.00817855,7.416e-05,420.75717623310084,0.012481795265331636,,194.72632139
142.0,0.19840168,0.00835557,7.717e-05,424.8610461539733,0.01249174439601362,,194.63032096
143.0,0.19824141,0.00849044,7.932e-05,433.3163554955508,0.012566697898034784,,194.55234565
144.0,0.19813616,0.00863737,8.138e-05,435.8966024756152,0.01254458816411147,,194.42830616
145.0,0.19807789,0.00880283,8.235e-05,432.1537597454732,0.012405404041197164,,194.34418895
146.0,0.19803325,0.00891723,8.114e-05,436.932061453109,0.012514320302020522,,194.23002989
147.0,0.19801749,0.00902184,7.799e-05,427.63476150715115,0.012253108834113503,,194.11680547
148.0,0.1980181,0.00917426,7.673e-05,439.8203258539495,0.012641622039422878,,194.02267431
149.0,0.19801708,0.0092557,7.686e-05,443.4655365717929,0.012766307344995552,,193.9398923
150.0,0.19803274,0.00931048,7.906e-05,438.58978893841567,0.012661309222527603,,193.80116568
151.0,0.19800264,0.0093861,8.081e-05,433.5844917563257,0.012498398548179178,,193.71784959
152.0,0.19789708,0.00945987,8.09e-05,435.4455537841337,0.012436617160181768,,193.61610783
153.0,0.19783464,0.00952802,8.026e-05,439.10001491933093,0.012479013700995968,,193.50969289
154.0,0.19778532,0.00960113,8.038e-05,436.2144329633093,0.012353841507513091,,193.40127516
155.0,0.19782224,0.00970709,8.207e-05,424.7537386676587,0.012100550763317503,,193.2925904
156.0,0.19772105,0.00981125,8.43e-05,426.6318639919872,0.012057057522378584,,193.15600008
157.0,0.19758245,0.00992077,8.445e-05,432.77150909057696,0.012089231570426365,,193.0802946
158.0,0.19748747,0.00998327,8.262e-05,436.6787602029927,0.012098800682072308,,192.9782858
159.0,0.1973633,0.01003407,8.038e-05,443.85614586114,0.012160616183851117,,192.86185691
160.0,0.19725612,0.01008894,8.012e-05,447.8524898986409,0.012156466123671366,,192.78201233
161.0,0.1971586,0.01017677,8.37e-05,452.5634585968073,0.01219198370037235,,192.62299076
162.0,0.19707653,0.01027236,8.66e-05,454.6177212473056,0.012175266855391345,,192.54715175
163.0,0.19695725,0.01036647,8.567e-05,461.5705503142002,0.012244401777419176,,192.4240469
164.0,0.19686044,0.01040678,8.624e-05,467.745342236642,0.012305858198879355,,192.30908672
165.0,0.19669834,0.0104454,8.812e-05,471.519110983081,0.012230110987281823,,192.22470248
166.0,0.19666641,0.01048137,8.891e-05,482.7580247484366,0.01249353245650053,,192.08544177
167.0,0.19657234,0.01057699,8.939e-05,483.2938942770668,0.012422257030060552,,191.96901288
168.0,0.19655892,0.01067889,8.895e-05,479.2359426005297,0.012325436450345572,,191.84390523
169.0,0.19650563,0.01071018,8.86e-05,470.6623119175245,0.012053208256694254,,191.75618301
170.0,0.1965997,0.01078908,9.118e-05,454.4789668067274,0.011756543481349404,,191.63761781
171.0,0.19649414,0.01087876,9.236e-05,466.7648352399161,0.011978639450110818,,191.53787884
172.0,0.19649414,0.01093456,9.413e-05,467.99770410642896,0.012023028507652564,,191.40128852
173.0,0.19646374,0.01098066,9.552e-05,472.8133585831978,0.012123863740937359,,191.33386124
174.0,0.19650767,0.01102675,9.577e-05,471.97031776843454,0.012160893165544568,,191.20902063
175.0,0.19647167,0.01102031,9.388e-05,477.82104038199236,0.012269244029947564,,191.07536774
176.0,0.19643191,0.01105024,9.048e-05,480.9004541878791,0.012309234195164477,,190.98137011
177.0,0.1964313,0.01111347,8.836e-05,485.9841685387937,0.012452023969017383,,190.87762556
178.0,0.19640953,0.01112299,8.919e-05,485.6458344266281,0.012421294102930172,,190.76133018
179.0,0.19639642,0.01111618,9.05e-05,481.339667368687,0.012295562061649726,,190.64249795
180.0,0.19637333,0.01112348,9.193e-05,477.07977578621256,0.012163497798241392,,190.55063662
181.0,0.19635777,0.01114788,9.415e-05,474.79597524434655,0.012094404710366595,,190.40403235
182.0,0.19629513,0.01121459,9.529e-05,464.55701857099314,0.011781582260804953,,190.31003472
183.0,0.19617808,0.01127902,9.292e-05,468.9937761493539,0.011783114023461544,,190.18879913
184.0,0.196107,0.01132601,9.138e-05,472.7877261423473,0.011813109218099502,,190.08291827
185.0,0.19609541,0.01132388,9.057e-05,480.3561659632942,0.011989208946246215,,189.97783852
186.0,0.19600185,0.01132527,8.943e-05,482.5207390025292,0.011944571064154665,,189.84098117
187.0,0.1959446,0.01138719,9.263e-05,487.5628651555205,0.012023237845215952,,189.74965392
188.0,0.19596931,0.0114097,9.616e-05,489.76019094066606,0.012109451577851956,,189.6178703
189.0,0.19595304,0.01143668,9.79e-05,487.7023468173952,0.012047695777535245,,189.51532743
190.0,0.19593453,0.01142729,9.549e-05,490.71299140121994,0.01209970043360631,,189.39289017
191.0,0.19599189,0.01142848,9.289e-05,482.16024051524977,0.011947842240548595,,189.28687579
192.0,0.19592274,0.01146756,9.477e-05,502.5957814806415,0.012388328994559576,,189.16897818
193.0,0.19591877,0.01154457,9.344e-05,492.0111649845955,0.012138897812566673,,189.0560208
194.0,0.19590108,0.01158619,9.117e-05,499.52605770386543,0.012313352876363997,,188.93304946
195.0,0.19589853,0.01158726,9.14e-05,502.8323534577516,0.012392413952671679,,188.83918534
196.0,0.19586569,0.01158135,9.484e-05,496.13016992567776,0.012192365490821297,,188.72903186
197.0,0.19586914,0.01163347,9.507e-05,502.59250686577667,0.012366053573619255,,188.60071975
198.0,0.1957946,0.01166234,9.582e-05,501.63203043270863,0.012269306716034328,,188.49003219
199.0,0.19565966,0.01170749,9.732e-05,502.85093984807645,0.012167245253335433,,188.39296361
200.0,0.19567013,0.01171146,9.718e-05,497.807708637286,0.012056761372063721,,188.25797553
201.0,0.19560627,0.01172713,9.489e-05,503.5317836687543,0.012131575382443385,,188.15262874
202.0,0.1956263,0.0117348,9.449e-05,497.12505414709057,0.011999070745359873,,188.04394398
203.0,0.195596,0.01172176,9.742e-05,506.7046214745648,0.012197147206375197,,187.90388216
204.0,0.19561014,0.01175354,9.875e-05,492.3301816923501,0.011872195089911828,,187.80400967
205.0,0.19559142,0.01179676,9.993e-05,495.2703926975269,0.011933175361859961,,187.69973104
206.0,0.19557098,0.01183719,0.00010253,496.4114725588887,0.011948919492321883,,187.57969713
207.0,0.19556498,0.01187098,0.00010272,489.3057655621525,0.011778634259771575,,187.46527103
208.0,0.19557109,0.01186093,0.00010071,488.594540819436,0.01176495623414235,,187.31746509
209.0,0.19556915,0.01189419,0.00010238,486.37053494576594,0.011716589788578905,,187.25698081
210.0,0.19560363,0.01194262,0.0001021,482.1471017377524,0.011658453550400346,,187.12239329
211.0,0.1955059,0.01196045,0.0001009,483.7487409098032,0.011603466883601376,,187.00462921
212.0,0.19543563,0.01198809,0.00010125,492.3608651822693,0.0117457196750266,,186.88099027
213.0,0.19531289,0.01199387,0.00010173,501.26120398243944,0.011837051014211444,,186.78004963
214.0,0.19531035,0.01202902,0.00010361,501.9832157732051,0.01185908307978118,,186.64065541
215.0,0.19529479,0.01204919,0.00010388,504.90689063035904,0.011916750655235222,,186.52622931
216.0,0.19528828,0.01208905,0.00010233,496.27082734430746,0.01171375128742195,,186.43089648
217.0,0.19528045,0.01212677,0.00010242,491.24486624850493,0.01159479060213362,,186.27467882
218.0,0.19529479,0.01214888,0.00010441,495.854032296925,0.011722500615803313,,186.22006939
219.0,0.19529042,0.0121125,0.00010488,497.99404117733843,0.01176190348211576,,186.07373216
220.0,0.19530679,0.01213645,0.00010436,493.35395693936374,0.011672670837464526,,185.93099996
221.0,0.19535916,0.0121426,0.00010381,485.9214583120672,0.011548307541884401,,185.83139451
222.0,0.19534665,0.01212312,0.00010079,489.1762970758065,0.011608739739190577,,185.71630081
223.0,0.19533719,0.01210299,9.878e-05,495.0223337446574,0.011733600987694834,,185.58812222
224.0,0.19533414,0.01211123,9.989e-05,503.4843622352707,0.01193313332157297,,185.48971844
225.0,0.19524435,0.01216901,9.697e-05,512.1786653543782,0.012059181226739853,,185.37435771
226.0,0.19522513,0.01221777,9.685e-05,513.5002889567809,0.012080643978869174,,185.26740869
227.0,0.19522371,0.01224134,9.614e-05,514.5136978872554,0.012107500301548644,,185.14937757
228.0,0.19520672,0.01225586,9.813e-05,506.38720858944185,0.011902977756628984,,185.00704592
229.0,0.19516534,0.01222285,9.695e-05,513.4716265155871,0.012021357540205294,,184.89155167
230.0,0.19514805,0.01219472,9.682e-05,504.8282628823523,0.011796701318518456,,184.78246635
231.0,0.19521679,0.01219661,9.676e-05,497.3087674257894,0.01168754497417107,,184.67217935
232.0,0.19520693,0.01217381,9.559e-05,488.4678981997319,0.011465740546426469,,184.55134432
233.0,0.19518496,0.01216208,9.56e-05,499.6378010142558,0.011704397518002905,,184.4278389
234.0,0.19517459,0.01215335,9.799e-05,516.8204205826659,0.012095630519806397,,184.33304015
235.0,0.19516696,0.01215954,0.0001002,519.4099673805447,0.012150556856263003,,184.18696996
236.0,0.19509913,0.0121497,9.982e-05,519.0218905686241,0.01207187032263624,,184.05051316
237.0,0.19512334,0.01220054,9.726e-05,501.0969120845584,0.011686960362514596,,183.96973395
238.0,0.19512812,0.01222187,9.759e-05,500.41502491832216,0.011679803656885158,,183.86331901
239.0,0.1951333,0.01221006,9.932e-05,503.8139825075425,0.011762455987575665,,183.76611691
240.0,0.19511896,0.01224065,9.782e-05,497.73050173572545,0.011612011584893677,,183.60469199
241.0,0.19512995,0.01228764,9.722e-05,517.4514460562751,0.012092070120207778,,183.50869156
242.0,0.1951389,0.01230572,9.843e-05,517.9391439907399,0.012116379633558317,,183.38665486
243.0,0.19514439,0.01232967,9.802e-05,508.4670711514682,0.011904701811187617,,183.27035949
244.0,0.19512384,0.01231159,9.673e-05,505.72664992813446,0.011816576614034787,,183.11227256
245.0,0.1951272,0.01228346,9.626e-05,493.1269129803416,0.011519939911138647,,183.01854196
246.0,0.19514815,0.01223786,9.775e-05,500.98580074494225,0.011715540733570711,,182.89103096
247.0,0.19515374,0.01223716,9.746e-05,511.4994764386165,0.011966687167480585,,182.77353392
248.0,0.19514591,0.01225229,9.601e-05,517.5581513862813,0.01210311029680392,,182.66912177
249.0,0.19512161,0.0123081,9.771e-05,509.173958451138,0.011894586322584692,,182.56764705
250.0,0.19512456,0.01233324,0.00010058,499.5338843079517,0.011677936715494098,,182.45228632
251.0,0.19518994,0.01231048,0.00010105,501.09356528298264,0.011773664696753177,,182.32170437
252.0,0.19519371,0.01231954,9.772e-05,495.9028133908272,0.011655992687725235,,182.19285818
253.0,0.19524069,0.01229765,9.659e-05,502.5201150036419,0.011853082644033671,,182.10179797
254.0,0.19525574,0.01225861,9.557e-05,502.59734307487145,0.011861803019349583,,181.97094899
255.0,0.19524364,0.01222388,9.48e-05,509.6079435893414,0.0120080363093854,,181.88095694
256.0,0.19524811,0.01221596,9.492e-05,507.36835038813945,0.011958191516831185,,181.74690349
257.0,0.19519971,0.01225861,9.674e-05,499.15646365961067,0.01172627127090875,,181.65651088
258.0,0.19521618,0.01229584,9.956e-05,498.49084587100566,0.011734733467760806,,181.50109433
259.0,0.19519513,0.0123277,0.00010172,495.9462580866317,0.011661249127613306,,181.40429279
260.0,0.19519493,0.01234575,0.00010006,494.16352928093283,0.011622039871614793,,181.29774433
261.0,0.19519706,0.01236973,0.00010336,495.3225614173448,0.01165701916171521,,181.17130149
262.0,0.19519605,0.01233906,0.00010592,505.45715473907126,0.011889397128487661,,181.07917313
263.0,0.19520072,0.01229998,0.00010654,509.3134030709343,0.011977275000465953,,180.91187336
264.0,0.19516076,0.01232139,0.00010706,508.27713793293617,0.011917752850042696,,180.80973104
265.0,0.19520144,0.0123218,0.00010714,509.28321051464803,0.011981769409162136,,180.699177
266.0,0.19516147,0.01227194,0.00010733,498.9029671103219,0.011689279138668452,,180.58234756
267.0,0.19517825,0.01232004,0.00010673,490.94202390085303,0.011527607274821957,,180.4723276
268.0,0.19520438,0.01226517,0.00010661,491.1644247956588,0.01154741127578111,,180.35736742
269.0,0.1951391,0.01224561,0.00010735,503.4921061599256,0.011769989159632403,,180.22424861
270.0,0.19514306,0.01222621,0.00010716,514.7386876737057,0.012032959438384791,,180.13585879
271.0,0.19517083,0.01224016,0.00010338,516.1060457222602,0.012094095526794147,,179.99192491
272.0,0.19517032,0.0122493,0.00010394,506.97548030708,0.011881593998869379,,179.8843083
273.0,0.1952175,0.01228543,0.00010147,497.2293814349837,0.011704945834784514,,179.77281962
274.0,0.19519513,0.01229773,9.857e-05,502.07678170489635,0.011798560811190049,,179.65866056
275.0,0.19518242,0.01229104,9.733e-05,489.81709254648223,0.011496691983690983,,179.51953338
276.0,0.19522991,0.01228305,9.554e-05,504.04034431854006,0.011875084701879498,,179.41071509
277.0,0.19523743,0.01230154,9.685e-05,511.81132532178344,0.012069822708832313,,179.28160186
278.0,0.19525126,0.01231856,0.00010002,500.69563956933825,0.011825657906973534,,179.18840534
279.0,0.19522025,0.01226111,0.00010218,498.6741811664473,0.011737184213116654,,179.05582061
280.0,0.1952231,0.01225434,0.00010226,497.8681549055128,0.011719710355837968,,178.94152803
281.0,0.1952352,0.01226931,0.00010016,488.24142074067464,0.011506815135524736,,178.82576674
282.0,0.19525574,0.0122486,0.00010018,501.063141368723,0.01182517405883907,,178.70426411
283.0,0.19528981,0.01224294,0.00010231,503.59088802547484,0.011918245402166077,,178.57167938
284.0,0.19528248,0.01226656,0.00010216,510.153772028814,0.01207083425103512,,178.51092807
285.0,0.19532235,0.01224926,0.00010201,493.61314947485937,0.011715070284610322,,178.38809025
286.0,0.19525635,0.01226845,0.00010318,491.6544431121749,0.01160848727046889,,178.24469045
287.0,0.19526835,0.01229256,0.0001046,495.10810772704065,0.011706852864250957,,178.14642019
288.0,0.19527903,0.01231581,0.00010579,487.39785930882204,0.011539640636233315,,178.00889524
289.0,0.19526693,0.01232865,0.00010531,498.0816345177617,0.011783017528570854,,177.90274734
290.0,0.19526469,0.01232651,0.00010412,500.04929178177065,0.011826540824949468,,177.78658549
291.0,0.1953256,0.01234283,0.0001019,506.25074967390543,0.012036903519660027,,177.66641806
292.0,0.19537838,0.01231712,0.0001029,497.50300456522575,0.011876794110397817,,177.56934948
293.0,0.1954038,0.01228834,0.00010412,495.428719525545,0.011847382630135208,,177.45492338
294.0,0.19540268,0.01221211,0.00010478,486.2982331890403,0.011613373294315357,,177.34917604
295.0,0.19539943,0.01216794,0.00010306,480.9716536027472,0.011474011328377913,,177.22246616
296.0,0.19545048,0.01216274,0.00010125,491.8684050643434,0.01178299474695085,,177.06998704
297.0,0.19541102,0.01219005,9.968e-05,500.52534657287185,0.011955408750485553,,176.9725179
298.0,0.19539638,0.01217278,9.835e-05,503.53672621554455,0.012008601263850883,,176.89761353
299.0,0.19534411,0.01213358,9.843e-05,499.99178969157754,0.011864146452104455,,176.74646961
300.0,0.19538804,0.01215999,9.911e-05,490.3789100648371,0.011684366965331469,,176.63538149
301.0,0.19531187,0.01219841,0.00010113,482.1636953684019,0.011423404094385699,,176.51160904
302.0,0.19529713,0.01217979,0.00010519,491.38544202325295,0.011625309606346673,,176.36914387
303.0,0.19527069,0.01213321,0.00010704,508.19951123136457,0.011988049960002918,,176.26473173
304.0,0.19528869,0.01227206,0.00010839,504.251931438009,0.011940557599461396,,176.17874525
305.0,0.19530689,0.01226439,0.00010702,496.5939027000198,0.011775180518194671,,176.04829683
306.0,0.19530587,0.012278,0.0001059,486.67548304379596,0.011541246271681276,,175.9564355
307.0,0.19532428,0.01226886,0.0001034,480.68167200942725,0.011414162855794045,,175.84881889
308.0,0.19541275,0.01228379,0.00010102,491.4262446837916,0.011758624847296893,,175.69300179
309.0,0.19537207,0.01226665,0.00010087,500.45281075186955,0.011930142874345684,,175.63705717
310.0,0.19537624,0.01226874,0.00010498,498.870162788042,0.011898390178803146,,175.49058643
311.0,0.19530221,0.01226111,0.00010675,499.1103895267113,0.011829486070971458,,175.34691958
312.0,0.19533791,0.01221235,0.00010598,489.60410808636504,0.011629270777129736,,175.2581292
313.0,0.1953135,0.01216528,0.00010488,488.63462194718437,0.011573172901074711,,175.12594503
314.0,0.19532174,0.01214752,0.00010386,488.29423374937244,0.011569350248431557,,175.03982504
315.0,0.19527181,0.01219735,0.00010208,499.4393620232513,0.01179331138051312,,174.91725426
316.0,0.19533353,0.01222757,0.00010014,507.75850990922703,0.01205710894146245,,174.78720639
317.0,0.19534706,0.01218943,0.0001015,498.9865795430188,0.011855215580514583,,174.69027133
318.0,0.19545668,0.01213461,0.00010419,486.11863009109834,0.011646854886265124,,174.56249329
319.0,0.19545953,0.0121068,0.00010421,485.41382021515557,0.011627365514831957,,174.42216444
320.0,0.19545485,0.0121239,0.00010075,483.4694956560723,0.011578381914487915,,174.35834218
321.0,0.19542343,0.01215437,9.866e-05,488.88130141309443,0.011682214217557628,,174.23537084
322.0,0.19568976,0.01217221,9.671e-05,492.90709830033467,0.012052243399897616,,174.08716434
323.0,0.19559336,0.01217401,9.574e-05,491.99881360016997,0.011930708241735002,,174.02547839
324.0,0.19539485,0.01214547,9.769e-05,497.9070410679591,0.011867193904613901,,173.87380039
325.0,0.19589447,0.01211628,0.00010058,469.072791314677,0.011666014080471658,,173.78714632
326.0,0.19556153,0.01211468,0.00010371,475.2054333386479,0.01148325775227932,,173.65109008
327.0,0.19508134,0.0120457,0.00010326,498.8821813359105,0.01156818272991147,,173.53506175
328.0,0.19514347,0.01204386,0.00010318,507.73433060077986,0.011833169367835003,,173.45802108
329.0,0.19581423,0.01204468,0.00010171,490.626679818289,0.012101984466376309,,173.32503578
330.0,0.19556742,0.01200753,9.967e-05,487.2994293716411,0.011758764229060742,,173.22008956
331.0,0.19557597,0.01198534,0.00010102,479.9023745161061,0.011584822002190714,,173.10766625
332.0,0.19551078,0.01201856,0.00010302,483.8091717076828,0.011621739631680068,,172.99591054
333.0,0.19569708,0.01203225,0.00010406,466.9418632666478,0.011399697190612396,,172.86719787
334.0,0.19558909,0.01199264,0.00010336,485.1841924689542,0.011727673976595979,,172.77600414
335.0,0.1955542,0.01196377,0.00010326,498.36545329221195,0.012004647401174934,,172.65356688
336.0,0.19549512,0.01194946,0.00010435,496.2306053225852,0.011890990821148927,,172.5564983
337.0,0.19561298,0.01193331,0.0001058,489.00545395910103,0.011833134605500615,,172.45302079
338.0,0.19555126,0.01191641,0.00010702,488.63088618724805,0.01175911220061797,,172.29560145
339.0,0.19555726,0.01192486,0.00010788,478.98955120767715,0.011534892641815118,,172.19639656
340.0,0.1955721,0.01197456,0.00010747,480.2673989475174,0.011589848968581364,,172.09572296
341.0,0.19568051,0.0119901,0.0001067,472.942534733086,0.011522314214333746,,171.98476836
342.0,0.1956619,0.01194188,0.00010677,485.499892189675,0.011799677445237742,,171.87434784
343.0,0.19563088,0.01190538,0.00010671,488.62673006560334,0.011836791553806503,,171.75671728
344.0,0.19573166,0.01188213,0.00010702,494.6879639245023,0.012083159260475552,,171.64749843
345.0,0.19567644,0.01192453,0.00010698,490.9351569943653,0.011943233443149015,,171.53600976
346.0,0.19567237,0.01195045,0.00010515,478.2997091562075,0.011636291701827905,,171.41237083
347.0,0.19567715,0.01190239,0.00010279,480.70340612395074,0.011689210690635738,,171.29006708
348.0,0.19567491,0.01190899,0.00010294,476.839667006249,0.011594378102816641,,171.20461469
349.0,0.19562305,0.01191055,0.00010522,475.8760190945364,0.011520708004346531,,171.07670313
350.0,0.19565102,0.01192822,0.0001044,478.4558696302794,0.011614138097387323,,170.99939542
351.0,0.19565457,0.01191198,0.00010264,474.84887274534157,0.011526324783756401,,170.8641403
352.0,0.19568183,0.01193085,0.00010429,472.871156490299,0.011509453266642213,,170.72394496
353.0,0.1957344,0.0119169,0.00010095,482.3586460861054,0.011789719817806806,,170.66586403
354.0,0.1957225,0.01192654,0.00010119,482.32530460168374,0.011778826757900847,,170.55664519
355.0,0.19572617,0.01193966,0.0001017,487.7776764473821,0.01191860186697831,,170.40042753
356.0,0.19567735,0.01193126,0.00010234,485.3226681605512,0.011807384790073264,,170.32098351
357.0,0.19573257,0.01194733,0.00010081,487.93864400934996,0.011930382320416048,,170.21189818
358.0,0.19569515,0.01189124,0.00010078,484.17133819958326,0.011788843111175213,,170.08318551
359.0,0.19575342,0.01188189,0.00010199,482.8015346905464,0.011813227777540566,,169.99105715
360.0,0.19583009,0.01191412,9.929e-05,473.9728175706847,0.011680159293313811,,169.8611428
361.0,0.19581891,0.01186757,9.763e-05,471.5400403137775,0.01159903035695478,,169.75112284
362.0,0.19580142,0.01186007,9.608e-05,467.9344072763916,0.011490864150840928,,169.66580396
363.0,0.1958061,0.01188988,9.653e-05,474.6124794300104,0.011665725516468219,,169.53041532
364.0,0.19585399,0.01185835,9.747e-05,490.97765115563556,0.01211211267490314,,169.42627021
365.0,0.19580793,0.01180295,9.753e-05,484.1616197029441,0.01188489282886799,,169.31625025
366.0,0.19579898,0.01179565,9.668e-05,479.817494871463,0.011767353742209984,,169.18620239
367.0,0.19581952,0.01180295,9.986e-05,479.54635967082044,0.011784248267867784,,169.07297796
368.0,0.19581545,0.01182177,0.0001007,473.2896475666021,0.011630440018524217,,168.97991496
369.0,0.19583965,0.01183354,9.819e-05,472.1689375810433,0.011628836534409336,,168.87576986
370.0,0.19583172,0.01183395,9.703e-05,465.7379116326995,0.011462230391152569,,168.77002252
371.0,0.19582806,0.01184346,9.575e-05,478.1777450620985,0.011766128182102155,,168.67148522
372.0,0.19583457,0.01184539,9.904e-05,484.54906349408293,0.011931202762635422,,168.53783233
373.0,0.19584037,0.01182136,0.00010032,484.22028211718043,0.011924630554249645,,168.4445023
374.0,0.19583782,0.01181418,0.00010029,475.9969212947154,0.011718056603536661,,168.31725834
375.0,0.19590158,0.01183239,9.903e-05,478.5998959212992,0.011851159347606232,,168.228735
376.0,0.19591836,0.01184601,9.791e-05,469.54452755790396,0.01164640151407042,,168.10589718
377.0,0.19597582,0.01184108,9.715e-05,468.2063578974362,0.011670747650439099,,167.98479511
378.0,0.19602433,0.01180615,9.69e-05,469.1359299028752,0.01173684204744721,,167.87797961
379.0,0.19606195,0.01180287,9.565e-05,460.3580132570898,0.01155459498563335,,167.76609038
380.0,0.19603205,0.01180016,9.641e-05,463.5106568911733,0.011602643286633421,,167.67129163
381.0,0.19606877,0.01177178,9.911e-05,458.440043139261,0.011508312104739741,,167.56928283
382.0,0.19605016,0.01172684,0.00010037,465.30901191128356,0.011652711787041728,,167.43028917
383.0,0.196059,0.01167505,9.971e-05,458.60156661719174,0.01148305154656734,,167.33842784
384.0,0.19607904,0.01162941,9.975e-05,455.7307523923203,0.011422289301146029,,167.23054419
385.0,0.19606856,0.01164959,9.937e-05,463.1224784738297,0.011600764252757108,,167.10503599
386.0,0.19613873,0.01160653,0.00010101,454.3663123159332,0.011444456596613688,,167.03053218
387.0,0.19612917,0.01159907,0.00010099,458.5499488424211,0.011538479643512446,,166.91116586
388.0,0.19611137,0.01162601,9.95e-05,456.5451228725353,0.01147480437106394,,166.79487049
389.0,0.1960528,0.01163888,9.724e-05,460.3561360276654,0.011512503721458994,,166.71035273
390.0,0.19612053,0.01166127,9.449e-05,454.2484020779186,0.011431778149915762,,166.59565959
391.0,0.19609998,0.01160956,9.352e-05,459.49221449961357,0.011531791590671352,,166.4550637
392.0,0.1960826,0.0115565,9.438e-05,461.8054501437292,0.011561515357341722,,166.37321633
393.0,0.19610782,0.01153247,9.762e-05,466.83845344683004,0.011709847519457521,,166.26720195
394.0,0.19612439,0.01155187,9.596e-05,461.6456114346278,0.011600023804403142,,166.14783563
395.0,0.19618917,0.0115784,9.362e-05,464.901842557213,0.011754177097378967,,166.05530671
396.0,0.19622486,0.01155687,9.394e-05,463.62664054588487,0.011755072154000866,,165.91844935
397.0,0.19622588,0.01152886,9.389e-05,463.82941692285016,0.011755408252797056,,165.81710815
398.0,0.19624286,0.01153764,0.00010053,455.31307196707445,0.01156129391738696,,165.72404515
399.0,0.19627581,0.0115652,0.00010117,452.9835649966079,0.01154220231673505,,165.58665372
400.0,0.1962811,0.01154334,0.0001008,458.6158276632873,0.011686582260620526,,165.49492592
401.0,0.19631527,0.01148605,9.803e-05,451.21288391588183,0.01152063805674559,,165.41922043
402.0,0.19633083,0.01148236,0.00010092,460.2437140050334,0.011768016624181673,,165.27969269
403.0,0.19634923,0.01149147,9.991e-05,452.9635973673943,0.011602726257046354,,165.22147825
404.0,0.19638472,0.0114462,9.932e-05,454.5356771655811,0.011670811763714985,,165.06579466
405.0,0.19633886,0.01145432,0.00010108,455.6800786666062,0.01165397887196169,,164.95417247
406.0,0.19632086,0.01145792,0.0001028,452.50323921236964,0.011555266696550992,,164.86778544
407.0,0.19630418,0.01145961,0.00010243,464.653132684758,0.011847903169876575,,164.74601578
408.0,0.19631262,0.01143705,0.00010169,458.6956489367455,0.011699911756483506,,164.64066899
409.0,0.19632259,0.01143057,0.00010163,453.2528379431685,0.011570126115103871,,164.54159762
410.0,0.19634242,0.01145005,0.000103,454.74387416843535,0.011633571967082727,,164.43411453
411.0,0.19634089,0.01141565,0.00010341,454.7806818813132,0.01162585892127206,,164.33971634
412.0,0.19639784,0.01140002,0.00010134,454.747036389795,0.01168114807638355,,164.22288689
413.0,0.19646536,0.01143828,0.00010068,449.5898886932643,0.011627848089195784,,164.09096975
414.0,0.19646547,0.01141684,9.82e-05,441.2191281319245,0.011406144341194718,,164.0003101
415.0,0.19643191,0.01137739,9.566e-05,446.848001795546,0.011507171137497671,,163.89977001
416.0,0.19647777,0.01137714,9.593e-05,449.57072974926155,0.011625919971527387,,163.78213945
417.0,0.19648946,0.01138879,9.706e-05,447.4818832073001,0.011587160631928358,,163.67438932
418.0,0.19646191,0.01137415,9.882e-05,452.18477610864613,0.011676976965663536,,163.59027212
419.0,0.19645804,0.01133687,0.00010011,465.3287142838665,0.012004502504180148,,163.48559293
420.0,0.19645306,0.01130153,9.993e-05,463.1780212376891,0.01193587386019565,,163.40000702
421.0,0.19646841,0.01128771,0.0001026,466.18974707629394,0.012028296593788453,,163.26982563
422.0,0.1964614,0.0112834,0.00010292,461.07503750301254,0.01188790966163168,,163.15406434
423.0,0.19639306,0.01128271,0.0001018,463.1003748934846,0.011865600669808426,,163.03883712
424.0,0.19639398,0.01127873,0.00010269,456.89602181005125,0.011707088041482218,,162.94083391
425.0,0.19635594,0.01129218,0.0001007,459.3100209092498,0.011730623487613143,,162.82907819
426.0,0.19642947,0.01128976,0.00010212,448.49058533662145,0.011530901434778154,,162.71491913
427.0,0.19638757,0.01127401,0.00010325,450.0668611589078,0.011524625721575506,,162.62479356
428.0,0.19639825,0.01127865,0.00010154,445.420194606665,0.011417042803900237,,162.52772498
429.0,0.19647665,0.01126602,0.00010305,452.85525252240166,0.011688604602182571,,162.41703742
430.0,0.19653451,0.01129447,0.00010374,457.5151264523178,0.011878048190913223,,162.3120912
431.0,0.19651611,0.01128262,0.00010355,463.5987222697292,0.01201300845836721,,162.19392655
432.0,0.1965334,0.01123748,0.00010282,459.55507553862344,0.011917046992770698,,162.10059652
433.0,0.19652658,0.01123534,0.00010142,447.7781603241923,0.011603432567330792,,162.01033742
434.0,0.19654204,0.01122636,9.99e-05,449.8985060297544,0.011672467278166317,,161.89604484
435.0,0.19653838,0.0112011,9.751e-05,443.5061386149733,0.01149660319341245,,161.77814724
436.0,0.19657926,0.01117966,9.839e-05,447.4200392831912,0.01163747149440808,,161.67947642
437.0,0.1965999,0.01118396,0.00010009,445.415608904489,0.011608922397324847,,161.56571792
438.0,0.19656421,0.01118523,9.891e-05,459.77047693892945,0.01194357166960949,,161.44474937
439.0,0.19664099,0.01119307,9.764e-05,458.26263697759015,0.011990301805176228,,161.38573381
440.0,0.19656655,0.01118831,9.648e-05,453.6015088866021,0.011785629149910654,,161.26596694
441.0,0.19662055,0.01118667,9.665e-05,452.6850230122752,0.011820226643520327,,161.14259504
442.0,0.19666793,0.01122977,9.832e-05,447.93367813467944,0.01175759242718887,,161.04646109
443.0,0.19671553,0.01124039,9.529e-05,434.40547712916634,0.011454337384164851,,160.92642718
444.0,0.19669498,0.01121164,9.465e-05,436.21692830762447,0.011473724206008068,,160.84004015
445.0,0.19668644,0.01116572,9.631e-05,447.58027555303056,0.011753875843019589,,160.7541872
446.0,0.19671715,0.01114304,9.461e-05,452.9455753707108,0.011923182303188668,,160.61986671
447.0,0.196732,0.01112414,9.3e-05,458.7267046148267,0.012087244459715216,,160.51585512
448.0,0.1967442,0.01108575,9.146e-05,443.3008526292102,0.011685186112259828,,160.42426083
449.0,0.19674451,0.01107501,9.229e-05,443.5952569850367,0.011691258576305298,,160.30008782
450.0,0.19671176,0.01105373,9.555e-05,435.8047121892581,0.011447601672039075,,160.21610414
451.0,0.19668909,0.01105615,9.792e-05,433.0318800777012,0.011352186421054825,,160.10568362
452.0,0.19669041,0.0110534,9.531e-05,448.50555014320054,0.01175771970880268,,160.01515749
453.0,0.19669895,0.01110355,9.444e-05,452.08494023292747,0.011871632235739596,,159.91995818
454.0,0.19671034,0.01114435,9.621e-05,451.9066932276921,0.011889175879828443,,159.80419688
455.0,0.19672976,0.0111726,9.717e-05,452.8754087291459,0.011942883869675637,,159.72181543
456.0,0.19675681,0.01116457,9.661e-05,441.2454517114358,0.011663706824536449,,159.5981765
457.0,0.1967441,0.01116346,9.691e-05,441.85076326290755,0.011665696229579133,,159.49376435
458.0,0.19677583,0.01117019,9.913e-05,439.4907852353337,0.011640198710381548,,159.39015332
459.0,0.19680074,0.01116043,9.778e-05,432.33582492702,0.011474928771385588,,159.29081491
460.0,0.19681173,0.01111208,9.448e-05,431.7833862962262,0.011460536735343257,,159.17465306
461.0,0.19689766,0.01110421,9.232e-05,439.2373961200092,0.011750790703897961,,159.09948165
462.0,0.19693111,0.01103425,9.486e-05,438.8317411957746,0.011762656190812314,,158.98946169
463.0,0.19691098,0.01098176,9.869e-05,438.52386330977123,0.011721800015767897,,158.87503559
464.0,0.19690793,0.0108799,9.826e-05,450.260372550164,0.012008823341896801,,158.77008937
465.0,0.19690274,0.01095499,9.599e-05,446.05240569147156,0.01190671071977019,,158.66113756
466.0,0.19689379,0.01101485,9.52e-05,449.06042142060556,0.011990069113378316,,158.58302873
467.0,0.19692552,0.0110094,9.407e-05,451.3139442226061,0.012084833409600596,,158.46473057
468.0,0.1971106,0.0109898,9.603e-05,431.67784221273143,0.011762006899644739,,158.34029052
469.0,0.19691372,0.01098094,9.635e-05,442.2190208457418,0.011822571861008787,,158.25724147
470.0,0.19694342,0.01102703,9.591e-05,435.4638065809113,0.011684839354161364,,158.15189469
471.0,0.19692094,0.01102113,9.741e-05,438.07062524616913,0.011728975558046697,,158.02838927
472.0,0.19694738,0.01094908,9.552e-05,436.63993412825135,0.011703384065154882,,157.957624
473.0,0.19696721,0.01094724,9.374e-05,431.0052678296519,0.011573086334533602,,157.86349285
474.0,0.19698501,0.01094092,9.176e-05,435.9880486218966,0.011724585800994553,,157.74305838
475.0,0.19701674,0.01090816,8.971e-05,429.2466904665893,0.011570321392623165,,157.67002328
476.0,0.19706433,0.01092444,8.952e-05,423.982982812925,0.01148413300118453,,157.53997541
477.0,0.19705436,0.01092005,8.901e-05,429.94185744278184,0.0116332334968656,,157.43956885
478.0,0.19706463,0.01088126,9.042e-05,423.0171262433301,0.01144917863401291,,157.36653375
479.0,0.1970565,0.01084382,9.034e-05,429.1305991712815,0.011597271373222823,,157.24369593
480.0,0.19704674,0.01084279,9.277e-05,430.7897081452844,0.011631922924044191,,157.15023237
481.0,0.19705324,0.01086002,9.32e-05,437.37379180438546,0.01182110147562705,,157.05570066
482.0,0.19703921,0.0108674,9.186e-05,448.5560050322287,0.012108238379547873,,156.92365
483.0,0.19706809,0.01086408,9.277e-05,444.27657207619006,0.012025534744019132,,156.84380542
484.0,0.1970625,0.0108357,9.715e-05,442.2429750112391,0.011959287900018446,,156.72083408
485.0,0.19707277,0.01081187,9.932e-05,433.94203217136123,0.011741849006742775,,156.63377945
486.0,0.1971048,0.01079063,0.00010175,433.1122946734237,0.011751647029456346,,156.55740637
487.0,0.19720304,0.01078748,0.00010261,429.9980412669032,0.011778049679074708,,156.44898864
488.0,0.19717761,0.01076726,0.00010031,422.20565219778086,0.011530751796595646,,156.3321592
489.0,0.19716165,0.01076185,0.00010196,420.1332958325188,0.01145587654827675,,156.23669285
490.0,0.19714894,0.01075484,9.998e-05,418.3749513642113,0.011391662826185346,,156.1357522
491.0,0.19717029,0.01073622,0.00010075,430.2709113698147,0.0117358424825145,,156.05243612
492.0,0.19713602,0.01072064,0.00010107,438.2630192184544,0.011910919906684714,,155.96658316
493.0,0.19710989,0.01075709,9.985e-05,436.4344315664561,0.011839240966348237,,155.8303934
494.0,0.19712341,0.01079478,9.852e-05,429.59021156191113,0.011676681858919964,,155.7545544
495.0,0.1971409,0.01077932,9.628e-05,426.6286186652091,0.011611453874438746,,155.65027577
496.0,0.19719999,0.01078264,9.255e-05,425.30763042110743,0.011641192706177698,,155.53731839
497.0,0.19718992,0.01077107,9.135e-05,432.1707140466212,0.011814390413597954,,155.45106487
498.0,0.19726893,0.01072498,8.911e-05,435.218321735879,0.011977877460042233,,155.32582371
499.0,0.19722937,0.01069981,8.764e-05,433.4307225669674,0.011876444822021298,,155.23222663
500.0,0.19731235,0.01064986,8.615e-05,430.9006016079309,0.011890883483522153,,155.13302174
501.0,0.19737571,0.01063793,8.895e-05,423.65284630747976,0.011762157380271627,,155.03889058
502.0,0.19735791,0.01065868,9.299e-05,415.49749103468486,0.011521787296778373,,154.94342423
503.0,0.19735364,0.01064039,9.68e-05,415.3638190270077,0.011510574356833246,,154.85383273
504.0,0.19735537,0.01060217,9.868e-05,424.6538422282225,0.011761940267437933,,154.7219156
505.0,0.19726171,0.01058991,0.00010089,440.64153693479057,0.012091533489647591,,154.63512801
506.0,0.19721382,0.01060652,0.00010207,436.1829749157727,0.0119179741283798,,154.55274655
507.0,0.19724687,0.01060151,0.00010158,419.49682685884017,0.011497557763320614,,154.42510204
508.0,0.19726242,0.01061382,9.805e-05,427.2539816735997,0.01172932383419937,,154.33711277
509.0,0.19732985,0.01061172,9.752e-05,421.4619962034424,0.011646073525905713,,154.25406372
510.0,0.1973754,0.01055764,9.324e-05,424.3894012866989,0.011765370684444746,,154.14551248
511.0,0.19740835,0.01054378,9.259e-05,429.795195942051,0.011950441045526767,,154.05365115
512.0,0.19741496,0.0105432,9.565e-05,428.6703975130658,0.011928021634658635,,153.9374893
513.0,0.19744069,0.01057195,9.75e-05,422.0169918997624,0.011780198318129561,,153.85697712
514.0,0.19751126,0.01055263,9.846e-05,416.1627369113985,0.011694415003389701,,153.7720588
515.0,0.19747954,0.01056924,9.57e-05,418.43603239643306,0.011724006206216993,,153.6480193
516.0,0.19748604,0.01054661,9.483e-05,416.1761561383467,0.011662644755354746,,153.56750712
517.0,0.19750689,0.01052844,9.342e-05,412.0312265901221,0.011565744603046595,,153.45134527
518.0,0.19749571,0.01054431,9.372e-05,419.46459425891663,0.011765131996869784,,153.32276612
519.0,0.19751747,0.01055038,9.407e-05,422.0921992410703,0.011866095256752347,,153.25520532
520.0,0.19747943,0.01056641,9.373e-05,425.9484684323929,0.011932903752617137,,153.17602833
521.0,0.19754716,0.01052061,9.362e-05,423.40916891421944,0.011931196941625428,,153.06574133
522.0,0.19755001,0.01048932,9.534e-05,418.37937965631244,0.011786144468950916,,152.96333197
523.0,0.19754421,0.01048329,9.453e-05,419.9603915210063,0.011822083393342533,,152.86986841
524.0,0.1975377,0.01050638,9.336e-05,411.92227367035247,0.011593148880625456,,152.76545627
525.0,0.19755204,0.01051392,9.322e-05,408.1722162165639,0.011505758144288768,,152.67252678
526.0,0.19759119,0.01050531,9.202e-05,409.34480566568584,0.011581702971144935,,152.59855705
527.0,0.19758448,0.01046911,9.103e-05,420.57462460853463,0.011882402294355192,,152.4817276
528.0,0.19762374,0.01046254,9.162e-05,419.7709107439416,0.011905226965322724,,152.37598026
529.0,0.19771007,0.01044827,9.214e-05,420.59585197482096,0.012029927406059631,,152.2838519
530.0,0.19771373,0.01042064,9.357e-05,417.0055601384301,0.011925569592119808,,152.18998778
531.0,0.19771028,0.01041161,9.443e-05,409.66329348750213,0.01170969452720086,,152.09585662
532.0,0.19773427,0.01040739,9.394e-05,406.62248958219163,0.011649942377243207,,151.98022885
533.0,0.19769461,0.01041444,9.668e-05,405.3833174796211,0.011570518650851751,,151.9192105
534.0,0.19771272,0.01037709,9.884e-05,402.19780377361076,0.011492844681184425,,151.80932406
535.0,0.19772034,0.01036499,9.955e-05,402.6450690896931,0.011511980010587352,,151.69409684
536.0,0.19771516,0.01038037,0.00010042,416.5664616537703,0.011907814783302932,,151.62172934
537.0,0.19776275,0.01038582,0.00010097,414.211825412658,0.011899511761084636,,151.51037419
538.0,0.19783078,0.01040448,0.00010188,416.0476951088239,0.01204076972013044,,151.40889946
539.0,0.19783627,0.01037938,0.00010256,405.23316894589874,0.011728633805018896,,151.33466269
540.0,0.19791081,0.01032583,0.0001024,404.066616251304,0.011772044925839765,,151.21783325
541.0,0.19788691,0.01027691,0.00010188,402.54999473153913,0.011686914955650555,,151.12890934
542.0,0.19791773,0.01023763,0.00010206,396.10521079964843,0.011527173880002763,,151.02396312
543.0,0.1979222,0.01021999,0.00010094,405.948568347927,0.011814315690230935,,150.9314342
544.0,0.19790868,0.01026953,9.842e-05,411.9571324217595,0.011983652655082838,,150.82622093
545.0,0.19788488,0.01026457,9.48e-05,411.56861582010845,0.011940259318527865,,150.7618646
546.0,0.19787308,0.01024603,9.503e-05,408.1445494522795,0.011822130215977838,,150.64623682
547.0,0.19785956,0.01019736,9.417e-05,408.0140494251828,0.011789805085718754,,150.56719335
548.0,0.19785468,0.01018358,9.347e-05,404.174868741054,0.011669446143865416,,150.46558511
549.0,0.19784898,0.0102252,9.32e-05,404.9783482791912,0.01169567686179343,,150.37278915
550.0,0.1978619,0.01024041,9.178e-05,409.2587867519596,0.011838085678745428,,150.2821295
551.0,0.19787237,0.01019715,9.34e-05,403.9631069797298,0.011687747860161357,,150.1532833
552.0,0.1979101,0.01016894,9.745e-05,397.43323383613307,0.011538482301165979,,150.07784486
553.0,0.19786729,0.01014483,9.805e-05,402.69316679731617,0.011634313253399897,,149.99706564
554.0,0.19789454,0.01014212,9.856e-05,404.7074493730779,0.011724836377493976,,149.9037356
555.0,0.19787695,0.01016398,9.613e-05,410.526032082885,0.011876254594839052,,149.80506479
556.0,0.19785976,0.01019867,9.715e-05,413.1752420323974,0.011940741832506558,,149.70412414
557.0,0.19789647,0.01021204,9.768e-05,414.32521255466025,0.012022784250692524,,149.59236843
558.0,0.19803518,0.01020946,9.849e-05,403.02075313445556,0.011864071577136221,,149.50718307
559.0,0.19776966,0.01015213,9.858e-05,421.9243684443226,0.012071100770463297,,149.41612286
560.0,0.19773895,0.01015377,9.601e-05,419.95592507841104,0.01197678382432575,,149.31398054
561.0,0.19791366,0.01009816,9.405e-05,407.7152266322871,0.011822681001631615,,149.24641974
562.0,0.19830904,0.01007877,9.429e-05,394.39581247889635,0.011917237299658311,,149.12558471
563.0,0.19822178,0.01004851,9.592e-05,391.93587634065835,0.011726056525379927,,149.04293622
564.0,0.1981446,0.01005974,9.771e-05,393.26210367377354,0.011673485642909081,,148.95467991
565.0,0.19814257,0.01007984,9.704e-05,396.92730099250934,0.011784478751006177,,148.84973369
566.0,0.19813809,0.01008037,9.334e-05,390.19448572367895,0.01157771407521416,,148.75066232
567.0,0.19818599,0.01006831,9.045e-05,388.99921782413753,0.011596669738181653,,148.68243392
568.0,0.19811023,0.01005859,8.876e-05,397.6828674455047,0.011758045614161211,,148.58883684
569.0,0.19807077,0.01006721,9.134e-05,401.91619807374616,0.011837378413374535,,148.46693365
570.0,0.19811389,0.0100556,9.179e-05,393.43751372538225,0.011637522347755287,,148.38468572
571.0,0.19809314,0.01004728,9.08e-05,387.31360777673217,0.011429059371867408,,148.32513608
572.0,0.19812162,0.01002755,9.21e-05,394.2940567315693,0.01166558023710611,,148.2156502
573.0,0.19816809,0.01003096,9.19e-05,385.7022207054467,0.011468145074382033,,148.11591123
574.0,0.19817002,0.01003633,9.297e-05,389.79669786516206,0.011594011740487123,,148.02672029
575.0,0.19823165,0.01005072,9.58e-05,388.9153227322704,0.011648410374863248,,147.91670033
576.0,0.1982165,0.01003998,9.387e-05,398.67065845844866,0.011917814019034887,,147.81722839
577.0,0.19819809,0.00999987,9.349e-05,400.85950300892506,0.011949515861268745,,147.71855758
578.0,0.19829531,0.00994599,9.481e-05,397.83964151585286,0.011969666003133797,,147.65006214
579.0,0.19831677,0.00990966,9.63e-05,396.9336419671446,0.01196119486443184,,147.54111034
580.0,0.19833751,0.00988502,9.744e-05,402.2443112165775,0.012142283643654253,,147.46286798
581.0,0.19835876,0.00985434,9.767e-05,392.22591591158465,0.011859183787370818,,147.37701503
582.0,0.19839232,0.00982379,9.593e-05,391.21061804648906,0.011862720669969367,,147.27407159
583.0,0.19839558,0.00981928,9.631e-05,390.0040781774128,0.011829303492108584,,147.20197113
584.0,0.198385,0.0098053,9.7e-05,389.90043595975743,0.011809417728562215,,147.12599861
585.0,0.19841703,0.0098069,9.776e-05,385.77668179241226,0.011725687513993579,,146.99381443
586.0,0.19838998,0.0098135,9.594e-05,389.4209651570226,0.011802856200287475,,146.89407546
587.0,0.19843269,0.00977053,9.631e-05,380.0087138296126,0.011560213603979397,,146.81129345
588.0,0.19840768,0.0097547,9.605e-05,382.56326563784944,0.011602451491667812,,146.73398574
589.0,0.19838358,0.00980354,9.3e-05,382.2246183503873,0.011573033194789339,,146.63972106
590.0,0.19838622,0.00981977,9.46e-05,380.22681263520434,0.011520521967391935,,146.56628541
591.0,0.19838378,0.00984262,9.558e-05,379.60155559408537,0.011504639112958027,,146.48096653
592.0,0.19841398,0.00981924,9.61e-05,378.83678509122,0.01151333189982622,,146.39003984
593.0,0.19847723,0.00976101,9.441e-05,386.3548573352842,0.011806891467280776,,146.30872654
594.0,0.19854679,0.0097141,9.618e-05,383.0498449307693,0.01178369336914603,,146.20831997
595.0,0.19859703,0.00969134,9.732e-05,380.96058816499027,0.011778785907408574,,146.10551006
596.0,0.19858838,0.00969249,9.814e-05,383.8762896126316,0.011858317765167254,,146.00056383
597.0,0.19859957,0.00973469,9.477e-05,380.95145908820564,0.011791954012317222,,145.93220191
598.0,0.19862235,0.00975913,9.388e-05,382.52679721139873,0.011876527167859837,,145.84688304
599.0,0.19864777,0.00977377,9.5e-05,378.14015391761956,0.011777720569579778,,145.75382003
600.0,0.19863537,0.00971197,9.296e-05,380.6211242647326,0.011821600954282068,,145.67851511
601.0,0.19863038,0.00967531,9.468e-05,376.45625926640633,0.011677070754025094,,145.5647566
602.0,0.1986553,0.00964534,9.643e-05,378.37534624119235,0.011761907348527209,,145.4688897
603.0,0.19864208,0.00966502,9.472e-05,379.31697234081133,0.011778346543437453,,145.4130786
604.0,0.19865601,0.00963332,9.262e-05,381.98319654436784,0.011870130102656598,,145.28703631
605.0,0.19874438,0.00959154,9.352e-05,367.7593064512381,0.011530480514505774,,145.2310917
606.0,0.1987398,0.00959765,9.602e-05,373.7052701642914,0.01171363087369426,,145.12160581
607.0,0.19873604,0.00956517,9.579e-05,369.99023391442535,0.011583804555938437,,145.0340171
608.0,0.19874814,0.00957743,9.452e-05,371.5865350869148,0.011652124030280084,,144.96084849
609.0,0.19863516,0.00957735,9.734e-05,373.80503385428864,0.011576990594281836,,144.86831956
610.0,0.19877306,0.00954672,9.582e-05,373.15962094128054,0.011726571358304634,,144.78900906
611.0,0.19872913,0.00949775,9.622e-05,368.9954074965877,0.011526601625368766,,144.69701421
612.0,0.19873411,0.00950419,9.418e-05,374.46825506295613,0.011704820877612855,,144.58619313
613.0,0.19879431,0.00953642,9.14e-05,372.24115310825454,0.011720887682210922,,144.49446532
614.0,0.19877784,0.00952478,8.867e-05,371.2215718985031,0.01166299780505876,,144.44132461
615.0,0.19879746,0.0094832,9.023e-05,373.7329796402081,0.011757414701812312,,144.31821975
616.0,0.19882238,0.00945954,8.973e-05,375.7287504158305,0.01184672584613711,,144.25746844
617.0,0.19888085,0.00943493,8.674e-05,367.98459821353885,0.011671329235476214,,144.1689451
618.0,0.19892163,0.00944445,8.534e-05,370.6662101500759,0.011812682206966614,,144.0704078
619.0,0.19898742,0.00946495,8.574e-05,364.2750095138939,0.011702001197328098,,144.00818777
620.0,0.19905932,0.00946524,8.578e-05,368.0075234721438,0.011920051302064263,,143.88735274
621.0,0.19900756,0.0094287,8.51e-05,362.91246438111494,0.011675110457229238,,143.81498524
622.0,0.19901386,0.00944002,8.73e-05,367.03509390418213,0.011820358966825257,,143.74982779
623.0,0.1990038,0.00947012,9.079e-05,370.83616257953815,0.011938899994916237,,143.63406649
624.0,0.19899017,0.00946388,9.16e-05,370.79246206233324,0.011917533147006876,,143.5431398
625.0,0.19902729,0.00945691,9.189e-05,374.39976036765614,0.012083009073599419,,143.47918402
626.0,0.19903766,0.00945125,9.071e-05,373.3602819924678,0.012061706435625444,,143.38064673
627.0,0.19908332,0.009454,9.106e-05,373.65264686861536,0.012135848743412109,,143.27623458
628.0,0.19911352,0.00944063,9.347e-05,365.9040263480882,0.011923261880941423,,143.20426764
629.0,0.1991904,0.00942788,9.549e-05,363.6647862921759,0.011954387893520475,,143.11774708
630.0,0.19915491,0.00937318,9.672e-05,362.7913853608236,0.011861671142727933,,143.04978572
631.0,0.19906715,0.00934164,9.686e-05,366.94272213006826,0.011867417115596121,,142.96460036
632.0,0.1991183,0.00931114,9.793e-05,361.13821323507597,0.01174106402417482,,142.84550108
633.0,0.19914749,0.00930609,9.834e-05,354.65770606653734,0.011568303862858441,,142.81585978
634.0,0.19920738,0.00930039,9.859e-05,356.73168167769046,0.011716042238692468,,142.67406221
635.0,0.1992327,0.00927636,9.608e-05,352.11998730252503,0.011591214028167835,,142.60730253
636.0,0.19925741,0.00927821,9.387e-05,355.01766385713523,0.011720049686920413,,142.52185013
637.0,0.19920138,0.00923245,9.117e-05,357.84521938085476,0.011722193549651165,,142.438267
638.0,0.19924806,0.00918574,8.986e-05,357.7120534546451,0.011768427138270874,,142.35121237
639.0,0.19928975,0.00917897,9.14e-05,354.5849120837123,0.011721673191197858,,142.27377113
640.0,0.19924745,0.00917832,9.364e-05,363.2239719216144,0.011948616372758422,,142.16068023
641.0,0.1992504,0.00916483,9.455e-05,360.5011647678422,0.011859805144362679,,142.08323899
642.0,0.19926708,0.00915999,9.635e-05,358.88234331434165,0.011829171237959606,,142.03223459
643.0,0.19928497,0.00919423,9.773e-05,358.19723126942546,0.011841697540628183,,141.92875708
644.0,0.19928497,0.00915617,9.812e-05,367.3143072919518,0.012132347997046091,,141.85198344
645.0,0.19928243,0.00913526,9.485e-05,369.6645335884619,0.012198698628936619,,141.76960199
646.0,0.19934111,0.00911915,9.166e-05,362.3150031085374,0.012033074290370916,,141.68762109
647.0,0.19936521,0.00907445,9.147e-05,357.73045557194166,0.011902000487178868,,141.59989886
648.0,0.19940111,0.00906166,9.068e-05,355.9116370195215,0.011888082548697363,,141.51911964
649.0,0.19943487,0.00904374,9.072e-05,348.0436333702299,0.01166717608075157,,141.43380077
650.0,0.19942897,0.00905116,8.959e-05,349.2419471578416,0.011700649910562981,,141.37077962
651.0,0.19941483,0.00905751,9.028e-05,346.33145150424514,0.01158567032378249,,141.28439259
652.0,0.19945602,0.00908363,9.151e-05,349.593214368888,0.011760502808440015,,141.1672961
653.0,0.19946171,0.00906883,9.122e-05,346.36487210917403,0.011655550593549802,,141.09345989
654.0,0.19951053,0.0090804,9.032e-05,349.48607636995274,0.011832758244588822,,141.00934268
655.0,0.19947798,0.00904484,9.153e-05,354.25236512446634,0.011937506147290892,,140.92656067
656.0,0.19950931,0.00900056,9.223e-05,356.5079923124462,0.012046295344800763,,140.82588706
657.0,0.19957225,0.00899338,9.011e-05,347.34425070013594,0.011823219332283074,,140.76860725
658.0,0.19962351,0.00900917,8.842e-05,345.03606370466224,0.011821951139267848,,140.65938841
659.0,0.19963906,0.00897296,8.832e-05,353.39015113618285,0.012120362295995843,,140.57553824
660.0,0.199659,0.0090049,8.859e-05,354.2466000740436,0.012189201156672644,,140.5077104
661.0,0.19967771,0.00896242,9.113e-05,349.9975142508885,0.012059294364545465,,140.45590488
662.0,0.19965401,0.00895332,9.325e-05,350.2240593557959,0.012030413766478355,,140.32639109
663.0,0.19966947,0.00895172,9.324e-05,348.74347416936854,0.012001808506712586,,140.30008778
664.0,0.19966896,0.00892937,9.471e-05,338.6921797535098,0.011649443604965597,,140.20048232
665.0,0.19965788,0.00888906,9.624e-05,344.2774268200866,0.011814474169660149,,140.08365287
666.0,0.19968554,0.00887934,9.687e-05,337.5295270269815,0.011619762783071015,,140.01475688
667.0,0.19969133,0.0088367,9.652e-05,340.6878589884957,0.011724286407468974,,139.93811676
668.0,0.19974248,0.00881808,9.764e-05,340.0379516950287,0.011770949176309671,,139.84171577
669.0,0.19979109,0.00878544,9.661e-05,335.7927556275611,0.011684131670305553,,139.79191305
670.0,0.19981845,0.00874624,9.466e-05,336.0113564584589,0.011719078940166605,,139.69791541
671.0,0.19984835,0.00872766,9.067e-05,337.6390495082389,0.011812296516022915,,139.62915293
672.0,0.19990021,0.00871105,8.945e-05,335.4303678661212,0.011805904988225965,,139.53275194
673.0,0.19989858,0.00873123,8.799e-05,339.9705899421811,0.011968626364048615,,139.44342748
674.0,0.19998044,0.00873939,8.648e-05,338.6929761764263,0.012049295201866182,,139.36077899
675.0,0.1999776,0.00872754,8.524e-05,336.2884176597538,0.011955169899234126,,139.3132461
676.0,0.20000699,0.00871548,8.659e-05,342.75587335001376,0.012227630191908678,,139.21564343
677.0,0.20002671,0.00871852,8.978e-05,336.25548034719696,0.012028541350022468,,139.13099215
678.0,0.20002214,0.00868022,9.271e-05,335.2177410323522,0.011974134117579837,,139.08225758
679.0,0.2000137,0.0086673,9.477e-05,327.05411246812236,0.01166713180772269,,138.98024878
680.0,0.20007583,0.0086666,9.502e-05,327.9651178483669,0.011792857791763601,,138.86809251
681.0,0.20007776,0.00867288,9.235e-05,327.9011919081454,0.011794027242832563,,138.82817021
682.0,0.20006525,0.00864028,9.109e-05,326.7323864989489,0.011722604513531755,,138.7384452
683.0,0.20008569,0.00862084,9.164e-05,328.797571598193,0.011821993267745117,,138.67075087
684.0,0.20007797,0.0086151,9.146e-05,330.1012046822706,0.011855260862135685,,138.56420242
685.0,0.20008061,0.00858529,9.001e-05,335.9811428086505,0.012060449193370505,,138.51119522
686.0,0.20013298,0.00858668,9.049e-05,336.92885935028846,0.01217688988746229,,138.46085842
687.0,0.20021647,0.00861063,8.707e-05,334.32959101077813,0.012220433522336495,,138.34536416
688.0,0.20022878,0.00860083,8.483e-05,331.7114004783592,0.01213990055378203,,138.26551958
689.0,0.20022196,0.00860239,8.464e-05,329.2918097120435,0.012041008026173708,,138.2057029
690.0,0.20024027,0.00854199,8.531e-05,328.92436025908125,0.01203753565096676,,138.09514886
691.0,0.20021494,0.00852066,8.707e-05,325.16430380812375,0.011854931660285508,,138.05843103
692.0,0.2002363,0.00852394,8.848e-05,326.11603285445227,0.011924568718983734,,137.96176301
693.0,0.20027952,0.00849536,8.893e-05,325.29346743863806,0.011953190575394393,,137.85014081
694.0,0.20021708,0.00843779,8.671e-05,325.2402956029833,0.011835022669904213,,137.79112525
695.0,0.20028237,0.00841844,8.409e-05,316.14363528520346,0.011595156868312098,,137.74879961
696.0,0.20031135,0.00840445,8.261e-05,317.14197197256647,0.011670989878349722,,137.62062101
697.0,0.20034521,0.00836435,8.354e-05,316.0883245408451,0.011672220933200889,,137.57749425
698.0,0.20037877,0.00834196,8.604e-05,314.5364296468936,0.011660884291561657,,137.48309605
699.0,0.20035284,0.00837686,8.421e-05,317.4843297575214,0.01173985464399215,,137.40739057
700.0,0.20040735,0.00838674,8.544e-05,313.2095861401019,0.011669543124040773,,137.32300633
701.0,0.20045799,0.00834376,8.816e-05,316.0335569016998,0.011842357982158406,,137.24823548
702.0,0.20049368,0.008334,9.13e-05,316.51508271903793,0.01191590746206831,,137.19402661
703.0,0.20048677,0.0083299,9.158e-05,311.8893386195256,0.011729697660894071,,137.11391499
704.0,0.20055266,0.00831941,8.984e-05,316.0375110769635,0.011987506482194828,,137.0299313
705.0,0.20056588,0.00832117,9.065e-05,312.7860590859337,0.011886501538665302,,136.94888504
706.0,0.20063524,0.00831227,8.983e-05,307.04828568861683,0.011776102996181955,,136.88212536
707.0,0.20059802,0.00828594,8.835e-05,313.11818115525784,0.01193842289841637,,136.81603327
708.0,0.20065649,0.00825404,8.719e-05,311.76927065391817,0.011971232699911152,,136.74473392
709.0,0.20063808,0.00823276,8.51e-05,313.31918452394655,0.011992176360091773,,136.64512847
710.0,0.20066371,0.0082378,8.357e-05,314.5515585143297,0.012082548968436222,,136.58758162
711.0,0.2006872,0.00824888,8.229e-05,315.9983219805513,0.012180444038567821,,136.52562863
712.0,0.20068364,0.00823502,8.39e-05,316.6208658378665,0.012194662446759917,,136.41146957
713.0,0.20074934,0.00818163,8.71e-05,312.25627229104344,0.01212001357320689,,136.35031769
714.0,0.2007713,0.00816645,8.657e-05,314.5076668497922,0.012239183133552432,,136.28529376
715.0,0.20079266,0.00816018,8.609e-05,309.4745165770836,0.012076813282875664,,136.200776
716.0,0.20075045,0.00814874,8.686e-05,313.4902796801439,0.012158409352729478,,136.14937104
717.0,0.20081991,0.00812766,8.958e-05,308.20487505201146,0.012064066578760468,,136.08207727
718.0,0.20087625,0.00809605,9.119e-05,305.3248295081769,0.012036423786863764,,135.99969582
719.0,0.20089659,0.00809272,9.307e-05,302.23150267779164,0.011948699195008822,,135.9478903
720.0,0.20089923,0.00807841,9.168e-05,303.2102661355605,0.011986153812198514,,135.82438488
721.0,0.20093431,0.00802002,9.44e-05,299.6582836965527,0.011886386850775666,,135.78192572
722.0,0.20092414,0.00794576,9.392e-05,304.05017284370547,0.01201731984983368,,135.69927723
723.0,0.20104943,0.00793378,9.307e-05,298.8530212908635,0.012020273906108218,,135.61649522
724.0,0.20101302,0.00795134,9.231e-05,297.83633974580744,0.011922559985995129,,135.54906793
725.0,0.20106173,0.00792091,8.963e-05,296.1811787327049,0.011927437797488442,,135.45814124
726.0,0.20107811,0.00786838,9.019e-05,297.16279055845354,0.011977192130256985,,135.41421337
727.0,0.2011077,0.00785099,9.275e-05,296.3410319765001,0.011990662735588454,,135.36854974
728.0,0.20108533,0.00784993,9.19e-05,298.00719385988253,0.012018268229602065,,135.28149511
729.0,0.20117563,0.0078275,9.134e-05,298.6904936183012,0.012196465158218086,,135.19377288
730.0,0.20118478,0.00779416,9.247e-05,298.3858694154921,0.012188968268215911,,135.10471546
731.0,0.20123969,0.00777275,9.494e-05,298.2527079254585,0.01227582446365162,,135.07186969
732.0,0.20126644,0.00775319,9.484e-05,296.2227134977107,0.01223328366423032,,135.00016979
733.0,0.20127549,0.00769952,9.179e-05,297.2327994637638,0.012269778379486021,,134.93207491
734.0,0.20128291,0.00766204,9.197e-05,292.7322577242561,0.012083777609010762,,134.83233594
735.0,0.20125281,0.00764063,9.182e-05,301.38700226727144,0.012377940624706717,,134.7562299
736.0,0.20126207,0.0076066,9.053e-05,299.08428713803846,0.012286833456113224,,134.72805731
737.0,0.20125159,0.0076424,9.212e-05,295.1575283074276,0.012120744367948856,,134.64193731
738.0,0.20131922,0.0076729,9.325e-05,295.65387600219157,0.012275046927279822,,134.56850166
739.0,0.20126898,0.00768266,9.387e-05,296.7820945679478,0.0122344976737381,,134.52243747
740.0,0.20135125,0.00762239,8.9e-05,292.0227295778762,0.012161051269262603,,134.43070966
741.0,0.20148945,0.00761759,8.58e-05,286.529369780715,0.012179614223868013,,134.37049243
742.0,0.20149016,0.00757994,8.745e-05,286.92874583911805,0.012184764362944732,,134.30199699
743.0,0.20154741,0.00755448,9.075e-05,282.77113172720215,0.012106207908044219,,134.23710657
744.0,0.20157273,0.00755694,9.166e-05,278.8233332090749,0.011985237561971724,,134.17715637
745.0,0.20157579,0.00756084,9.399e-05,282.908280079309,0.012169539241909685,,134.08823247
746.0,0.20156806,0.00753742,9.456e-05,279.9831155349003,0.012020931004074111,,134.01346162
747.0,0.20162144,0.00754533,9.467e-05,277.5409864062522,0.012017829986257791,,133.97807899
748.0,0.20162765,0.00753964,9.349e-05,279.66244552831586,0.012118440467913038,,133.89129139
749.0,0.2016731,0.00752512,9.166e-05,271.9787378152383,0.011862646173887242,,133.83361102
750.0,0.20168897,0.00749851,8.941e-05,275.5404787952499,0.012036240483662895,,133.7872798
751.0,0.20173605,0.00747316,9.071e-05,271.67097065855125,0.011946480308113738,,133.66818052
752.0,0.20177347,0.00739644,9.264e-05,267.8984161504975,0.011822488775062388,,133.63119565
753.0,0.20174164,0.00739132,9.084e-05,270.0450889126245,0.01185442223451682,,133.57618567
754.0,0.20180876,0.00739398,9.058e-05,268.7984916905734,0.011926538261208049,,133.4598903
755.0,0.2018293,0.00739292,9.076e-05,269.21823105179857,0.011984032303981889,,133.44667188
756.0,0.2018414,0.00738451,8.768e-05,269.97822645544164,0.012035807081478493,,133.35400943
757.0,0.20184242,0.00734613,8.785e-05,276.9027024622517,0.012331242711401002,,133.29232348
758.0,0.20191493,0.0072756,8.711e-05,275.81555423964454,0.012397489598908422,,133.23290736
759.0,0.20196933,0.00725842,8.47e-05,270.1940568327978,0.012243670838199576,,133.17789738
760.0,0.20205394,0.00724058,8.534e-05,264.1377001326066,0.012129339767802264,,133.11487623
761.0,0.20207194,0.00719834,8.812e-05,261.3533714452762,0.012021982864657964,,133.0657411
762.0,0.20207296,0.00712552,8.751e-05,261.18163054346877,0.011986365810740005,,132.96573509
763.0,0.20210316,0.00711973,8.697e-05,256.41816761027457,0.011823898898533807,,132.91513125
764.0,0.20210316,0.00711961,8.754e-05,257.6818380785085,0.011882503184967521,,132.84837156
765.0,0.20213987,0.0070905,8.826e-05,254.23441771482334,0.011784031928101594,,132.77680518
766.0,0.2021717,0.00705695,8.967e-05,259.64115781739093,0.012085858727990685,,132.72953932
767.0,0.20223261,0.00700471,8.974e-05,261.19065622839577,0.012260999592885893,,132.67159191
768.0,0.20225651,0.00698683,8.778e-05,260.10307500751077,0.012250377351580403,,132.59254844
769.0,0.20231885,0.00700356,8.686e-05,256.6733719524701,0.012224078972605397,,132.5633077
770.0,0.20236359,0.00699065,8.83e-05,253.61319607378573,0.012166967710976691,,132.47451732
771.0,0.2023399,0.0069471,8.887e-05,252.0065559952474,0.012022852125545132,,132.44006932
772.0,0.20237376,0.00691376,9.036e-05,246.70908958690765,0.011825971837600632,,132.36249456
773.0,0.20238637,0.00691889,8.869e-05,246.83350442629566,0.011858643250807063,,132.28251646
774.0,0.20236319,0.00687952,8.927e-05,252.50201402165752,0.01206644222045299,,132.24366232
775.0,0.20246233,0.00686656,9.029e-05,252.9253904869274,0.012290920433385843,,132.18437972
776.0,0.20249213,0.00686886,8.891e-05,251.18781587948354,0.012270295631302256,,132.10546977
777.0,0.20252101,0.00687042,8.486e-05,247.68150873037342,0.012158354966890488,,132.05887151
778.0,0.20260531,0.00680694,8.326e-05,238.26222714951925,0.011843860002105562,,131.98289898
779.0,0.20267009,0.00673637,8.485e-05,238.9020082086674,0.011984665974321199,,131.92268174
780.0,0.2027609,0.00668085,8.254e-05,230.34530683528618,0.011721696344654397,,131.88462872
781.0,0.20278348,0.00667716,8.049e-05,238.13701467526334,0.012165204032657093,,131.81893719
782.0,0.20280209,0.00667941,8.288e-05,238.13959449746233,0.012209920392253,,131.76499536
783.0,0.2028088,0.00667166,8.524e-05,240.99479621327703,0.012369840088352856,,131.70891723
784.0,0.20279883,0.00663193,8.637e-05,235.64467070878905,0.012055864864656258,,131.65230501
785.0,0.20279792,0.00658014,8.73e-05,237.93618989348673,0.012148157357643461,,131.58647996
786.0,0.20280656,0.00655471,9.048e-05,235.85671991863356,0.012052013871463698,,131.50049348
787.0,0.20283798,0.00652871,8.982e-05,234.3729247440822,0.01203340053023964,,131.43974217
788.0,0.2028567,0.0065224,8.767e-05,233.19399081123711,0.012009877011410378,,131.39995339
789.0,0.20293876,0.00650542,8.91e-05,233.65669397045812,0.012212513832609314,,131.35869591
790.0,0.20295747,0.0064914,9.026e-05,237.47109890836307,0.0124498816774318,,131.29313789
791.0,0.20303984,0.00646667,8.967e-05,229.56386276852072,0.012212887844537319,,131.24026422
792.0,0.20305896,0.00641496,8.569e-05,227.44596131484892,0.012116885739407017,,131.20474807
793.0,0.2030676,0.00637998,8.075e-05,227.05976046492776,0.012095852897831817,,131.13919005
794.0,0.2030915,0.00633886,8.079e-05,226.4661220382678,0.012100180498420925,,131.08912029
795.0,0.20314194,0.00632299,8.185e-05,221.29918112692158,0.011933169435287242,,131.03037176
796.0,0.2031934,0.00634431,8.438e-05,217.76585491408312,0.011873197169836874,,130.96120873
797.0,0.20320184,0.00634164,8.54e-05,220.42337831034345,0.012037556399546536,,130.91194008
798.0,0.20328899,0.00631114,8.453e-05,220.98789052059948,0.012262645887187484,,130.86694405
799.0,0.20335926,0.00627977,8.589e-05,219.7573645590211,0.012353044465410037,,130.8059257
800.0,0.20338885,0.0062771,8.765e-05,219.16116493557126,0.012393881074242876,,130.76533581
801.0,0.20336424,0.00623314,8.508e-05,220.83019616191146,0.01240120394118327,,130.69243423
802.0,0.20340563,0.00617315,8.338e-05,215.71411642669005,0.012184165612675213,,130.63168291
803.0,0.20341946,0.00616663,8.398e-05,215.92968817302517,0.012227917681953178,,130.59202766
804.0,0.20343898,0.00612046,8.593e-05,212.4300353397567,0.01205611833006998,,130.55210537
805.0,0.20346878,0.00611275,8.658e-05,212.40623893906042,0.012125231271441241,,130.48254177
806.0,0.20352603,0.00606645,8.224e-05,209.85127924415062,0.012094432508351889,,130.45249991
807.0,0.20356772,0.00603922,7.967e-05,205.6894698556242,0.011941891334877813,,130.37639387
808.0,0.20366881,0.00599268,8.112e-05,200.18787644145445,0.011850573292457237,,130.34328106
809.0,0.20367623,0.00597292,8.151e-05,205.32137733484177,0.012163550744490438,,130.29481353
810.0,0.20369138,0.00597649,8.034e-05,206.6955447907135,0.012285545745815484,,130.2332611
811.0,0.20372108,0.00597169,8.129e-05,206.96903242170004,0.01237877652213193,,130.20108293
812.0,0.20375128,0.00594052,7.916e-05,205.01813685762164,0.01232338592978876,,130.13939698
813.0,0.20376602,0.00590423,7.66e-05,207.9386487579004,0.01251634864304625,,130.09012833
814.0,0.20384738,0.00585933,7.655e-05,200.54777296246579,0.012263336890929368,,130.0279083
815.0,0.20392761,0.00582722,7.647e-05,199.25824226727556,0.01238542256704464,,129.97570223
816.0,0.20399178,0.00577543,7.64e-05,195.90086148969803,0.012324529264818961,,129.96515419
817.0,0.20399056,0.00574685,7.362e-05,194.21802513756265,0.012196430134985217,,129.89372133
818.0,0.20403642,0.00569789,7.268e-05,193.04449100665465,0.012220924481780571,,129.84645547
819.0,0.20409978,0.00564909,7.228e-05,190.0824253336344,0.012181337450416259,,129.82041919
820.0,0.2041252,0.00559587,7.216e-05,189.61637499510724,0.01219218879234326,,129.73456623
821.0,0.20413954,0.00557955,7.337e-05,187.64846980673912,0.012097638668523735,,129.7129361
822.0,0.20424387,0.00555847,7.295e-05,183.68121851709947,0.012123340465573536,,129.67555067
823.0,0.20422476,0.00552218,7.118e-05,185.03796091347726,0.012134403461990836,,129.59810943
824.0,0.20427235,0.00549827,7.398e-05,180.47785608899207,0.011958793046489969,,129.5751441
825.0,0.2043416,0.00545378,7.666e-05,179.97282515169996,0.012101863891756492,,129.52293803
826.0,0.20435451,0.00543393,7.81e-05,178.59651852146277,0.012036543963864225,,129.45190572
827.0,0.20443546,0.00540761,7.728e-05,174.74415801398266,0.011996467001694452,,129.43708507
828.0,0.20444207,0.0053853,7.465e-05,176.12200637480862,0.012094422451157055,,129.38087341
829.0,0.20445509,0.00539982,7.003e-05,175.17564995859914,0.01207258420265782,,129.3442891
830.0,0.20452617,0.00537202,6.845e-05,172.16833576946289,0.012059780614348073,,129.29622213
831.0,0.20458922,0.00530731,6.933e-05,170.24749261920124,0.012078063794659352,,129.25362945
832.0,0.2047205,0.00528217,6.808e-05,164.64563380245022,0.012069221370089976,,129.21918145
833.0,0.20467413,0.00526798,6.568e-05,165.83110116335493,0.011996965174337128,,129.17111447
834.0,0.20475467,0.00525396,6.555e-05,163.42431511448603,0.0120675451386596,,129.15709494
835.0,0.2047562,0.0052075,6.819e-05,163.89183066108924,0.012079100221891462,,129.08673023
836.0,0.20483633,0.00516293,7.153e-05,160.19800743630557,0.012037918601503881,,129.01516384
837.0,0.20487528,0.00511056,7.327e-05,161.95780550257416,0.012265928704105127,,128.99967559
838.0,0.20489358,0.00509633,7.259e-05,160.3712559594806,0.012196282463136074,,128.96749743
839.0,0.20501388,0.00508723,7.158e-05,155.8888385833574,0.012253017857327063,,128.92623994
840.0,0.20500453,0.00504721,7.142e-05,155.17670810964233,0.012136183155798954,,128.86375287
841.0,0.2050267,0.00501658,7.114e-05,154.35749110529645,0.01212613845140442,,128.84185569
842.0,0.20505609,0.00499357,7.238e-05,152.9344590021745,0.012100493219703684,,128.8239641
843.0,0.20507887,0.00496852,6.961e-05,150.51204777368886,0.011965863037949873,,128.77469545
844.0,0.20509971,0.0049321,6.912e-05,150.61223197687994,0.01201929794133471,,128.7075352
845.0,0.20516835,0.00485046,7.197e-05,148.03956152077936,0.011996673628271604,,128.68670618
846.0,0.20523445,0.00479953,7.327e-05,148.34367276489894,0.01222199876258332,,128.62288392
847.0,0.20530055,0.0047682,7.462e-05,145.4727370773858,0.01220398195980278,,128.62088113
848.0,0.20534377,0.00471604,7.247e-05,146.01809364096422,0.012368768906428497,,128.55785998
849.0,0.2054894,0.00470825,6.836e-05,139.944285343033,0.012396000024501823,,128.55091698
850.0,0.20552204,0.00469513,6.666e-05,139.7098188448433,0.012492751141908731,,128.48415729
851.0,0.20556322,0.00464719,6.527e-05,139.25975925012304,0.01257788190473822,,128.42006799
852.0,0.20557441,0.00459229,6.312e-05,140.02731656883216,0.01264353996246893,,128.45424895
853.0,0.20564956,0.00457756,6.12e-05,135.09841659517593,0.012490136136917117,,128.41713056
854.0,0.2056943,0.00455247,5.954e-05,134.9046467536873,0.012637109758785077,,128.3456977
855.0,0.20576305,0.00450982,5.843e-05,132.6168328423892,0.012678893309312586,,128.34195915
856.0,0.20579254,0.00446033,5.776e-05,128.85164587830457,0.012400612065903292,,128.31659047
857.0,0.2058081,0.00443249,5.943e-05,127.7503619336847,0.012339251291055333,,128.26745534
858.0,0.20588538,0.00437885,6.146e-05,125.27631704568655,0.012390168759330054,,128.25904362
859.0,0.20594223,0.0043157,6.407e-05,124.28855743443039,0.012492448728327126,,128.22205875
860.0,0.20597823,0.00426297,6.537e-05,121.74607618864819,0.0123517476541076,,128.1941532
861.0,0.20602643,0.00421618,6.483e-05,119.6202920393476,0.012309500403303123,,128.14488456
862.0,0.20613738,0.00416139,6.206e-05,116.30433532989595,0.01242534463610582,,128.11991643
863.0,0.20621466,0.00413724,5.917e-05,113.02975537994276,0.012418281155679058,,128.08987457
864.0,0.20623642,0.00412449,5.806e-05,111.39615540118454,0.012330820802738474,,128.0666422
865.0,0.20634056,0.00404928,5.703e-05,107.73108693405977,0.012362741621930056,,128.02511768
866.0,0.20636506,0.00399265,5.825e-05,106.70551258194756,0.012312602417531918,,128.006692
867.0,0.20641194,0.00396042,5.573e-05,104.75558431613598,0.012289870375601175,,128.00589089
868.0,0.20645354,0.00391614,5.257e-05,103.53008560177254,0.012310214067450424,,127.94367086
869.0,0.20651791,0.00385291,5.317e-05,100.64393639246269,0.012238680565527616,,127.93686137
870.0,0.20659265,0.00377311,5.43e-05,98.46993785250498,0.012291935691287604,,127.89253294
871.0,0.20664482,0.00371242,5.426e-05,95.35330266304891,0.012120061238465773,,127.89600444
872.0,0.20672607,0.00372665,5.351e-05,92.75511629334078,0.012264650845366322,,127.86489443
873.0,0.20675505,0.00369696,5.478e-05,91.9797966138248,0.012299391227636954,,127.81015148
874.0,0.20682247,0.00367289,5.488e-05,89.53722734690322,0.012347072339479185,,127.80841573
875.0,0.20684902,0.00360601,5.005e-05,90.44123920067237,0.012540809047857749,,127.78665207
876.0,0.20696637,0.00355906,4.763e-05,86.4280032552935,0.01266507527314942,,127.73044041
877.0,0.20703399,0.00353347,4.557e-05,83.88871655629183,0.012709584352801477,,127.76902751
878.0,0.20710548,0.0034932,4.391e-05,80.55437572487789,0.012639502876286138,,127.70039856
879.0,0.20712074,0.00346228,4.619e-05,80.90433409165546,0.01276439286969261,,127.64645673
880.0,0.20720565,0.00341332,4.834e-05,76.51388906598547,0.012617563735892443,,127.66928854
881.0,0.20722751,0.00334263,4.74e-05,76.07946930409165,0.012597536763856432,,127.65540253
882.0,0.20728649,0.00328661,4.564e-05,73.26241998842197,0.012481984536312723,,127.63377239
883.0,0.20728283,0.00323339,4.643e-05,74.16148773060738,0.012523081123362053,,127.63978076
884.0,0.2073951,0.00319603,4.643e-05,68.75525494493259,0.012405728207779302,,127.63016736
885.0,0.20751052,0.00310914,4.41e-05,64.66758504848428,0.012456948560422301,,127.58477078
886.0,0.20755821,0.00304845,4.027e-05,63.108012715912785,0.012450716245410807,,127.58477078
887.0,0.20764994,0.00302549,3.86e-05,58.91448722482328,0.012391265330715417,,127.57101828
888.0,0.20769285,0.00298883,3.891e-05,57.546337514542024,0.01244022692157619,,127.56727974
889.0,0.20777075,0.00290829,3.692e-05,54.4386074427828,0.012355608824099189,,127.49157425
890.0,0.20785393,0.00285232,3.607e-05,51.19291303668082,0.012345022753974508,,127.4974491
891.0,0.20790234,0.00280684,3.693e-05,48.85218459389311,0.012200523339775055,,127.49851726
892.0,0.20802834,0.00271355,3.701e-05,44.8430318013619,0.012400574438076035,,127.46179943
893.0,0.20811518,0.00266303,3.349e-05,40.893634589144376,0.012233217637963653,,127.47621952
894.0,0.20814671,0.00264548,3.083e-05,39.907222424555535,0.0122991999634687,,127.49304297
895.0,0.20823955,0.0025884,3.005e-05,36.18864639181766,0.012263364960668365,,127.46941004
896.0,0.20831694,0.00255215,3.197e-05,32.748328666718976,0.012155126431324981,,127.41626932
897.0,0.20841009,0.00248072,3.452e-05,29.655434403092105,0.012325855489589041,,127.43923466
898.0,0.20845015,0.00240789,3.423e-05,28.707878036445855,0.012396579971430568,,127.42721791
899.0,0.20855978,0.00231596,3.031e-05,24.561336869577815,0.012335013641809021,,127.40839168
900.0,0.20864388,0.00224203,2.943e-05,21.69640317332611,0.012454403392617374,,127.41066151
901.0,0.20866371,0.00219044,3.1e-05,21.052089921611884,0.01233186391611868,,127.37634703
902.0,0.20873103,0.00212955,3.256e-05,18.6338272834915,0.012371799960576262,,127.40184923
903.0,0.20882682,0.00203716,3.339e-05,15.137169889179022,0.0123438769308631,,127.39784365
904.0,0.20892404,0.0019255,3.081e-05,11.92618972651751,0.012420655160222087,,127.3967755
905.0,0.20896065,0.00184927,2.924e-05,10.970787510083621,0.012370645795750632,,127.40839168
906.0,0.20904536,0.00176344,2.537e-05,8.144011278640528,0.01256277482973005,,127.37300905
907.0,0.20916088,0.00168299,2.181e-05,3.6607059517954736,0.01250476232833613,,127.38622746
908.0,0.20914227,0.00162271,1.937e-05,5.151741505337662,0.012571122584019045,,127.39143472
909.0,0.20925525,0.001579,1.849e-05,0.3990608678188571,0.012448471969236848,,127.3782163
910.0,0.20921172,0.00154312,1.836e-05,2.7190995162631073,0.012443291473066099,,127.35618561
911.0,0.20932104,0.00144171,1.773e-05,-1.2653837768103444,0.012396851953152153,,127.38435819
912.0,0.20935236,0.0013604,1.559e-05,-1.8811156918735639,0.012418882063780803,,127.37661407
913.0,0.20937006,0.00129786,1.609e-05,-2.1062965842638364,0.012474355622330083,,127.36045823
914.0,0.20939914,0.00124902,1.5e-05,-2.9453136193979654,0.012467749279013186,,127.37808278
915.0,0.20943321,0.00120466,1.263e-05,-4.000914601494704,0.012362115772970764,,127.35778784
916.0,0.20942975,0.00116513,1.181e-05,-3.4820784102863613,0.012447988116964012,,127.36873643
917.0,0.20946016,0.00112199,1.413e-05,-4.505995150642737,0.012494951329566335,,127.37794926
918.0,0.20941775,0.001095,1.613e-05,-2.3224869825766694,0.01237131052662221,,127.38475875
919.0,0.20948304,0.00107672,1.529e-05,-5.128840414032516,0.012480616225238031,,127.38475875
920.0,0.20939772,0.00101816,1.327e-05,-0.6549744183127296,0.012529046374983147,,127.35124539
921.0,0.2094747,0.00096739,1.347e-05,-3.7226747648885734,0.012638457667681525,,127.33896161
922.0,0.20945873,0.0009341,1.322e-05,-2.662255612789443,0.01264720535582138,,127.35979063
923.0,0.20946951,0.00091158,9.55e-06,-2.9531473299107134,0.012953685288295005,,127.34483646
924.0,0.20947287,0.00092713,8.58e-06,-3.263461255297552,0.013006608816271508,,127.34296719
925.0,0.20950887,0.00091671,7.17e-06,-4.8784957020303,0.013096271063068397,,127.36379621
926.0,0.20948792,0.00088149,7.58e-06,-3.513189723197687,0.01302907365762893,,127.36553196
927.0,0.20950409,0.00084983,1.036e-05,-3.9272105598377594,0.012753898212995168,,127.35979063
928.0,0.20947612,0.00084093,1.318e-05,-2.602222411315687,0.012842239132107473,,127.36433029
929.0,0.2094748,0.00079254,1.1e-05,-2.0111750428085777,0.012724155099498188,,127.34229959
930.0,0.20947511,0.00080505,7e-06,-2.0781868629753912,0.012693953038082175,,127.34777388
931.0,0.20948751,0.0007957,3.79e-06,-2.519369924637778,0.01274020003288665,,127.34590461
932.0,0.20946839,0.00075978,4e-06,-1.2659342853995592,0.012558068520112445,,127.36139286
933.0,0.20946382,0.00073731,7.31e-06,-0.8871293703702758,0.012471711083002806,,127.38075317
934.0,0.2094568,0.00074838,1.043e-05,-0.7247220300936091,0.012511624141805764,,127.34136495
935.0,0.20948294,0.00073965,1.028e-05,-1.8616450972085437,0.012716235235300384,,127.32854709
936.0,0.20949117,0.00074707,1.23e-05,-2.3766047390759413,0.012871695402629346,,127.33735937
937.0,0.20951975,0.00076687,1.217e-05,-3.9332050604721025,0.012943580078689001,,127.32681134
938.0,0.20951395,0.00078369,9.51e-06,-3.812994457597741,0.013048072577231845,,127.33442195
939.0,0.20952158,0.0007923,8.06e-06,-4.233370405831159,0.01303295498088802,,127.33281971
940.0,0.20950063,0.00079492,9.02e-06,-3.3069371399874696,0.013143276719678531,,127.31052198
941.0,0.20954873,0.00076187,7.58e-06,-5.195658153818909,0.012989568113397937,,127.35631912
942.0,0.209589,0.00071422,9.18e-06,-6.658002610620206,0.012991971781724246,,127.36846939
943.0,0.20972456,0.00070344,9.94e-06,-12.777579529436194,0.012778671626534704,,127.33816049
944.0,0.2095107,0.00067756,9.17e-06,-2.539880193075293,0.012777797111883454,,127.35538449
945.0,0.2095107,0.00067129,9.6e-06,-2.5046549251833587,0.012876055162019614,,127.33655826
946.0,0.2094746,0.00065435,9.88e-06,-0.6434345552957212,0.012800997945507141,,127.32574319
947.0,0.20949188,0.0006398,9.1e-06,-1.2935305865441127,0.01278505512597015,,127.3017097
948.0,0.20951863,0.00065501,6.67e-06,-2.6323701577983587,0.012698279100092028,,127.32173761
949.0,0.20952504,0.00063529,5.61e-06,-2.68107265686972,0.012512899818498029,,127.31239125
950.0,0.20949494,0.0006001,6.41e-06,-0.9926825382331109,0.01263025755915569,,127.32774598
951.0,0.20951985,0.00058296,8.21e-06,-2.0287551326688016,0.012791558198549297,,127.32881413
952.0,0.2095051,0.00058173,8.76e-06,-1.353324606497293,0.012942524847797248,,127.32801302
953.0,0.20950948,0.00056914,6.88e-06,-1.4193078625733637,0.013076002736698553,,127.33762641
954.0,0.20948233,0.00059953,9.68e-06,-0.4770985144677323,0.013144092624249131,,127.33602418
955.0,0.20953815,0.00060178,1.217e-05,-3.2071979331860665,0.013105369676341091,,127.31426052
956.0,0.20949331,0.00059416,1.208e-05,-0.9799481408318554,0.0130215242876492,,127.32293928
957.0,0.20949056,0.00061474,1.082e-05,-1.0226303426805827,0.012884067859133744,,127.3182661
958.0,0.20952748,0.00064103,7.93e-06,-2.9431541103974173,0.01276979182294916,,127.31452756
959.0,0.20952016,0.00061942,4.48e-06,-2.3296215912078235,0.012736629708438233,,127.32694486
960.0,0.20954375,0.00058846,5.24e-06,-3.112182846943996,0.012639467616721247,,127.30264434
961.0,0.20949707,0.00063664,7.71e-06,-1.468219117722233,0.012664166857305564,,127.31399348
962.0,0.20952239,0.00065948,6.15e-06,-2.884758159019021,0.012891153643367285,,127.32093649
963.0,0.20949046,0.00067137,3.36e-06,-1.493318826265448,0.013227137211694207,,127.30958734
964.0,0.20954812,0.00064874,4.15e-06,-4.044713541348808,0.01317952258778862,,127.33695882
965.0,0.20950256,0.0006619,4.41e-06,-1.9654655438894837,0.013006812940418826,,127.27447175
966.0,0.20952585,0.00065025,1.87e-06,-2.8839180666099975,0.012877814939251919,,127.30144266
967.0,0.20949616,0.00064722,-4.5e-07,-1.404731592591077,0.012721604838942841,,127.31693091
968.0,0.20950978,0.00062791,2.5e-06,-1.8771873268627037,0.012594605613212252,,127.29890579
969.0,0.20951832,0.00061253,5.34e-06,-2.183261907886666,0.012692464022630577,,127.30184322
970.0,0.20953215,0.00059133,4.62e-06,-2.6094075075960816,0.012708128822734865,,127.31839962
971.0,0.20955361,0.00062532,5.91e-06,-4.059277057320498,0.013042898478028052,,127.29049407
972.0,0.20956978,0.00064767,8.09e-06,-5.103702043489711,0.01308458907355391,,127.33869457
973.0,0.20956968,0.00063689,6.02e-06,-4.964055567755242,0.013103543749744253,,127.31492812
974.0,0.20954476,0.00059686,6.34e-06,-3.344587075985069,0.012977535509754182,,127.30865271
975.0,0.20955636,0.00059625,7.59e-06,-3.868652989187686,0.012846694794202378,,127.29196279
976.0,0.20955656,0.0006295,9.35e-06,-4.218737644497982,0.012802694650603108,,127.2838181
977.0,0.209535,0.00065243,9.39e-06,-3.4273622938086152,0.012766500922443889,,127.30211026
978.0,0.20951822,0.00066694,6.2e-06,-2.7328795118520066,0.01275042502785081,,127.31426052
979.0,0.20953439,0.00066194,3.31e-06,-3.376845519442564,0.012702117688651678,,127.27981252
980.0,0.2095228,0.00067264,3.02e-06,-2.9288912601628683,0.012657705211115752,,127.27393767
981.0,0.20955239,0.00067092,1.44e-06,-4.3231849422914985,0.012865913769540336,,127.31185717
982.0,0.20955219,0.0006302,2e-07,-3.9444496030874756,0.01303607005829586,,127.2465662
983.0,0.20953043,0.00057952,-7.6e-07,-2.418744608045498,0.013199142786733696,,127.30184322
984.0,0.20952066,0.00055213,1.63e-06,-1.6956036222913071,0.013073995560421959,,127.27340359
985.0,0.20957253,0.00055893,2.45e-06,-4.292084228578019,0.013202501904736909,,127.29249686
986.0,0.20954741,0.00059166,2.68e-06,-3.390640147086826,0.013101569083808023,,127.27780973
987.0,0.20956643,0.00055832,2.69e-06,-3.924698731163203,0.012966347231836416,,127.28728961
988.0,0.20953256,0.00060371,2e-06,-2.7314191960549006,0.012823980824148838,,127.28194883
989.0,0.20954304,0.00059387,3.86e-06,-3.1922982407790568,0.012974952113995691,,127.29877227
990.0,0.2095466,0.00059526,4.61e-06,-3.318943545718435,0.012714893514227896,,127.28021308
991.0,0.20955676,0.00062434,1.15e-06,-4.035077720305394,0.012770659816841844,,127.27433823
992.0,0.20951141,0.00064082,-6.1e-07,-2.0754198017817824,0.012895405902227236,,127.28154827
993.0,0.20952077,0.00066629,-1.13e-06,-2.7905357457487185,0.01304594874574809,,127.26125333
994.0,0.20952046,0.00064496,-5.3e-07,-2.602442086833284,0.013195928514617584,,127.27634102
995.0,0.2095111,0.00064751,4.62e-06,-2.252575848347926,0.013133102084518157,,127.26979857
996.0,0.20950531,0.00064718,7.88e-06,-2.0132556968572457,0.013051164611436527,,127.25631311
997.0,0.20949738,0.0006667,9.92e-06,-1.8637534575694115,0.01304847322341346,,127.2892924
998.0,0.20951995,0.00065665,8.95e-06,-2.824626271826846,0.013062228075393503,,127.26565947
999.0,0.20951629,0.00062139,5.85e-06,-2.201903403082495,0.012799823402944594,,127.27193488
1000.0,0.20950439,0.00059084,3.35e-06,-1.2908419753623548,0.012640242912113004,,127.28274995
1001.0,0.20953399,0.00056004,5.49e-06,-2.407835289669639,0.012725320853587688,,127.27513934
1002.0,0.20950897,0.00053232,5.12e-06,-0.9649836289336162,0.01264388675226672,,127.26111981
1003.0,0.20951009,0.0005249,2.76e-06,-0.9266846663867385,0.012913867555039722,,127.28408514
1004.0,0.20954944,0.00057402,2.92e-06,-3.2857920695023344,0.012986640989718305,,127.25778183
1005.0,0.20956388,0.00057771,5.19e-06,-4.023640412130732,0.012922643430198359,,127.2755399
1006.0,0.20954121,0.00054237,8.39e-06,-2.682097824489729,0.013039434537193497,,127.2583159
1007.0,0.20956419,0.00052018,9.09e-06,-3.601416432603155,0.013172045750919327,,127.25604607
1008.0,0.20956429,0.00053937,6.05e-06,-3.7584704224893355,0.0132051533563546,,127.27380415
1009.0,0.20955036,0.00056353,3.72e-06,-3.286933466652768,0.013181727529330707,,127.25177345
1010.0,0.20953582,0.00055213,2.34e-06,-2.455771405967887,0.013212159981427331,,127.23989023
1011.0,0.20954436,0.0005625,1.93e-06,-2.981567021864272,0.013285118933709407,,127.29089463
1012.0,0.20951334,0.00053753,1.33e-06,-1.2067620775992072,0.013194192586217384,,127.24563156
1013.0,0.20955127,0.00055791,2.45e-06,-3.257576692696815,0.013200548819185125,,127.25804886
1014.0,0.20951304,0.00060039,2.42e-06,-1.8478453974097582,0.01321826549726681,,127.29102815
1015.0,0.20958788,0.00061466,6.7e-06,-5.6276171206285275,0.013115643527272264,,127.24950362
1016.0,0.2095349,0.00056701,9.38e-06,-2.6757887087523287,0.013196386714760333,,127.27286952
1017.0,0.20959093,0.00059727,1.04e-05,-5.717007680590078,0.013247182773860168,,127.26819634
1018.0,0.20956215,0.00062048,9.74e-06,-4.494823697368455,0.01308527513861388,,127.2672617
1019.0,0.20958331,0.00065005,8.15e-06,-5.915761595540685,0.013405018437862211,,127.24135894
1020.0,0.20955137,0.00062922,4.78e-06,-4.020518652041838,0.013198782100037332,,127.26913097
1021.0,0.20954822,0.00064513,3.17e-06,-3.9928446120277084,0.013166321943462475,,127.21532266
1022.0,0.20957304,0.00060535,5.38e-06,-4.836870764978625,0.013209863269736553,,127.26966505
1023.0,0.20957304,0.00056857,7.97e-06,-4.4703218061540895,0.01309837743502374,,127.21518914
1024.0,0.20956622,0.00055434,3.89e-06,-3.951016829098648,0.013153117054916159,,127.24790139
1025.0,0.20955839,0.00055303,4.97e-06,-3.5376524506983875,0.01299708931415914,,127.26832986
1026.0,0.20952656,0.00057435,5.23e-06,-2.27787290540638,0.013187241187652429,,127.22266623
1027.0,0.2095228,0.00056504,6.91e-06,-1.9988526915954232,0.01297784461975109,,127.22413494
1028.0,0.2095649,0.00053757,8.69e-06,-3.766141057192136,0.013040769702807917,,127.24950362
1029.0,0.20953144,0.00051838,7.31e-06,-1.9565568177826835,0.013012469120123424,,127.22213215
1030.0,0.20954476,0.00056131,9e-06,-3.0582082958467907,0.013075466550546037,,127.25244105
1031.0,0.20952819,0.00061228,9.04e-06,-2.7604816429015933,0.012991626344499355,,127.23508353
1032.0,0.20955646,0.00064045,9.24e-06,-4.358422972184098,0.012917990150228811,,127.23748688
1033.0,0.20951029,0.00062175,1.204e-05,-1.9923611012847084,0.01259228850592026,,127.23788744
1034.0,0.20952361,0.00060068,1.168e-05,-2.4101793530685565,0.012669455093383802,,127.23855504
1035.0,0.20953887,0.00060609,1.266e-05,-3.245062987159976,0.0129149733679316,,127.25110586
1036.0,0.20956053,0.00058345,1.429e-05,-4.017784689337195,0.012754619399283287,,127.24082486
1037.0,0.2095528,0.00059174,1.11e-05,-3.6714917868549337,0.012698388966631434,,127.24923659
1038.0,0.20955473,0.00058985,4.93e-06,-3.696565390004608,0.01288240553946097,,127.21679138
1039.0,0.2095466,0.00061187,6.05e-06,-3.5844123656680464,0.01300840731655446,,127.22320031
1040.0,0.20956805,0.00060908,7.02e-06,-4.593894316771544,0.013018485840766425,,127.22667181
1041.0,0.20956083,0.000614,9.59e-06,-4.34429026495982,0.013024723143711702,,127.22373438
1042.0,0.20954466,0.00061692,7.52e-06,-3.5166532790946605,0.012825840863464156,,127.25804886
1043.0,0.20952921,0.00059682,9.18e-06,-2.6883271044843267,0.013142216032288547,,127.22533662
1044.0,0.20954476,0.00056148,7.96e-06,-3.0401928869984305,0.013064399674935043,,127.23655224
1045.0,0.20955026,0.00055512,4.24e-06,-3.188899536155121,0.013111441753760576,,127.22533662
1046.0,0.209565,0.00058948,1.58e-06,-4.248482876275446,0.013280662579445008,,127.2286746
1047.0,0.20955015,0.00060486,-5.8e-07,-3.6143789187405453,0.013153934859649472,,127.24429637
1048.0,0.20956714,0.0006316,3.94e-06,-4.73364824955049,0.013044003669895048,,127.19596235
1049.0,0.20954619,0.0006471,5.71e-06,-3.9363171145336904,0.013096343759323248,,127.21171764
1050.0,0.2095589,0.00062344,7.87e-06,-4.268320192414238,0.012873679917038187,,127.22733941
1051.0,0.20951893,0.00057657,7.69e-06,-1.8849116834979531,0.01259081644277038,,127.21372043
1052.0,0.20953765,0.00056,4.42e-06,-2.5631763674189583,0.012740418614132448,,127.20210425
1053.0,0.20954639,0.00059096,4.04e-06,-3.318454303545379,0.012949799585991531,,127.21345339
1054.0,0.20948934,0.00057792,4.93e-06,-0.509739884794041,0.012951855729739836,,127.20223777
1055.0,0.20951904,0.00056951,6.73e-06,-1.8673018723393022,0.013012638798472542,,127.19769811
1056.0,0.20957761,0.00057074,3.99e-06,-4.624086285328433,0.013040297139497569,,127.20130313
1057.0,0.20952992,0.00056201,4.76e-06,-2.320932616795458,0.01326554095690607,,127.17072719
1058.0,0.20955127,0.00057247,6.46e-06,-3.437547238242686,0.013072291473833337,,127.20904725
1059.0,0.20956887,0.00056964,7.73e-06,-4.342422320167049,0.013296084662894146,,127.20771206
1060.0,0.20956968,0.00057583,8.23e-06,-4.315211358227386,0.012884564578824262,,127.21425451
1061.0,0.20953571,0.00057903,8.4e-06,-2.747686863614313,0.012859096293948222,,127.19128918
1062.0,0.20957548,0.00056697,7.91e-06,-4.427633510115501,0.01269067543109231,,127.20397352
1063.0,0.20959175,0.00056418,7.42e-06,-5.166056920345274,0.012740478010220822,,127.19302493
1064.0,0.20958117,0.00057337,6.24e-06,-4.632053806151031,0.012437265292792729,,127.23214611
1065.0,0.20956673,0.00054516,5.47e-06,-3.7042077812100316,0.012462953049111216,,127.19502772
1066.0,0.20959927,0.00052047,9.37e-06,-5.04912657962083,0.012562007106786625,,127.19369253
1067.0,0.20957558,0.00052801,1.138e-05,-4.0977272709020385,0.012653959879771387,,120.4589745
1068.0,0.20959012,0.00057497,1.091e-05,-5.26584937824321,0.0127752263315342,,-26.30490844
1069.0,0.20959175,0.0005853,6.63e-06,-5.39647472502727,0.012829064116903037,,-32.82172671
1070.0,0.2095892,0.00060178,4.44e-06,-5.211880459079103,0.012374217376253339,,-32.78647756
1071.0,0.20954771,0.00059174,3.81e-06,-3.2598040629187404,0.012471693090038854,,-32.79462225
1072.0,0.20953592,0.00056824,5.75e-06,-2.626118159354676,0.012945978333389997,,-32.77793231
1073.0,0.20951039,0.00059559,9.52e-06,-1.7291481210031552,0.01276982331846852,,-32.82706749
1074.0,0.20952799,0.00058005,1.009e-05,-2.427492856404286,0.012882627555675357,,-32.8195904
1075.0,0.20956266,0.00058321,8.96e-06,-4.124540130222244,0.013057602364569812,,-32.8038351
1076.0,0.20950836,0.00060396,7.37e-06,-1.7328986491019052,0.013158395196888311,,-32.78981555
1077.0,0.20954751,0.00058214,7.65e-06,-3.418211856339047,0.013241405620058709,,-32.8038351
1078.0,0.20953236,0.00061372,8.56e-06,-3.005899441015191,0.013172988889561548,,-32.78287253
1079.0,0.20954354,0.0006172,7.81e-06,-3.4547997102603296,0.012763428440045417,,-32.84883117
1080.0,0.20953582,0.00062298,5.59e-06,-3.106892973770316,0.012725670001750813,,-32.79448873
1081.0,0.20953683,0.00063594,5.64e-06,-3.333348751739187,0.01292989150897581,,-32.77339265
1082.0,0.20953327,0.00058124,4.72e-06,-2.6129077935198284,0.01294612355087954,,-32.78153734
1083.0,0.20953165,0.00057398,2.46e-06,-2.455301953814237,0.013093418780040635,,-32.75830495
1084.0,0.20954029,0.00058378,-6.8e-07,-2.9696459958164954,0.013342664375012341,,-32.76831891
1085.0,0.20952453,0.0005566,6.9e-07,-1.9286128681744754,0.01320623386245332,,-32.83294235
1086.0,0.20952392,0.0005894,3.92e-06,-2.2257852165731338,0.012868710536799596,,-32.80343454
1087.0,0.20954273,0.0005748,6.06e-06,-2.991757426716104,0.01283491776345359,,-32.80890884
1088.0,0.20957446,0.00061942,8.01e-06,-4.983208565821143,0.012929472981069376,,-32.80597141
1089.0,0.20947429,0.00054938,9.58e-06,0.4086797621142066,0.012985558499003578,,-32.78634404
1090.0,0.20950836,0.00059879,1.041e-05,-1.740871115468462,0.013231123118254204,,-32.81571833
1091.0,0.20943758,0.00036534,8.4e-06,4.079459273971808,0.013272881888614524,,-32.80209934
1092.0,0.20956653,0.00043452,7.1e-06,-2.7794512320212528,0.01299162094943779,,-32.78354013
1093.0,0.20952677,0.00064714,5.5e-06,-2.9791774856864564,0.012981300193290642,,-32.80129822
1094.0,0.20951446,0.00052404,8.15e-06,-1.2003822087180993,0.012793457854103338,,-32.77072226
1095.0,0.20953927,0.00055844,7.45e-06,-2.7213069753331567,0.012975982054753423,,-32.76658315
1096.0,0.20954904,0.00056074,5.49e-06,-3.1835466175549496,0.0130132634538335,,-32.78287253
1097.0,0.20949117,0.00056119,4.82e-06,-0.43305114192053884,0.013081639395414834,,-32.80583789
1098.0,0.20953429,0.00061208,3.03e-06,-2.992024280651197,0.013180650714544408,,-32.73667479
1099.0,0.20956856,0.0006213,3.87e-06,-4.815070630554895,0.013371069378938377,,-32.80703956
1100.0,0.20953185,0.00062052,5.1e-06,-3.0171028546861045,0.01328153724351509,,-32.76644964
1101.0,0.20957212,0.00058001,4.06e-06,-4.463576288377077,0.01306080961073576,,-32.78834683
1102.0,0.2095592,0.0005892,3.5e-06,-3.9140325045324635,0.01300555046189499,,-32.78500885
1103.0,0.20954954,0.00059395,3.88e-06,-3.4461604644933534,0.012771641499723872,,-32.8018323
1104.0,0.20951883,0.00055569,3.03e-06,-1.6514975557190565,0.012952385989529224,,-32.77539544
1105.0,0.20953226,0.00054708,6e-07,-2.1686117827994162,0.012998493426806892,,-32.77325913
1106.0,0.20952707,0.0005477,2.87e-06,-1.967074393511365,0.013005974516614296,,-32.78180438
1107.0,0.20951975,0.00057681,6.51e-06,-1.9540011927794447,0.012906895762484475,,-32.79115074
1108.0,0.20949585,0.00056111,6.93e-06,-0.6859874977207467,0.013000533340028292,,-32.77179042
1109.0,0.2095287,0.00053732,5.26e-06,-2.036150735300975,0.013372466913503685,,-32.76845243
1110.0,0.20952036,0.00053589,3.72e-06,-1.5802158547493095,0.01329947420181166,,-32.80944291
1111.0,0.20950724,0.00053179,4.89e-06,-0.9257167780855221,0.013354814570264262,,-32.75763735
1112.0,0.20954883,0.0005283,6.56e-06,-2.9192296095855963,0.013244172680025932,,-32.76391277
1113.0,0.20953978,0.00052002,7.46e-06,-2.3943492266061006,0.013140162046753053,,-32.8073066
1114.0,0.20958442,0.00055008,8.58e-06,-4.774904566127769,0.012925290344194812,,-32.77138986
1115.0,0.20953266,0.00058592,5.95e-06,-2.611546913253458,0.0127558428937347,,-32.79755968
1116.0,0.20948894,0.00060654,3.01e-06,-0.7389505541786455,0.012883945392302594,,-32.73907814
1117.0,0.20951375,0.00055766,9e-08,-1.3822508841040628,0.01294464690291992,,-32.76978762
1118.0,0.20955595,0.00055528,-1.26e-06,-3.3342800149819536,0.012965935805607922,,-32.79822728
1119.0,0.20955748,0.00058665,1.14e-06,-3.7577881192949225,0.012968969479184973,,-32.77900047
1120.0,0.20954609,0.00062184,3.39e-06,-3.643721091329186,0.013108919273296842,,-32.79649152
1121.0,0.20956104,0.00061167,1.33e-06,-4.275898090555062,0.013274547639190651,,-32.77232449
1122.0,0.20953948,0.00056709,-1.31e-06,-2.7611847182141407,0.013400050124708815,,-32.77819935
1123.0,0.20957029,0.00056328,-1.86e-06,-4.220957846291158,0.013407528996987123,,-32.7819379
1124.0,0.20955382,0.00054269,-1.88e-06,-3.1874790217145,0.013337850699198656,,-32.77779879
1125.0,0.2095589,0.000524,-2.5e-06,-3.1429785979513283,0.012964275652319385,,-32.78514237
1126.0,0.20955636,0.00052498,-1.82e-06,-3.0713343552951784,0.01308192147113794,,-32.78714516
1127.0,0.2095529,0.00051485,1.34e-06,-2.8492347312510193,0.013046187376857508,,-32.78394069
1128.0,0.20956002,0.00054614,2.07e-06,-3.4420114648228792,0.012785665848566337,,-32.76511444
1129.0,0.20954588,0.0005641,4e-06,-2.995511450875551,0.012812003299704064,,-32.77192393
1130.0,0.20955015,0.0005623,7.17e-06,-3.228836980285038,0.012812978512505745,,-32.72959825
1131.0,0.20953907,0.00053593,4.77e-06,-2.3954724036264357,0.012714768941094778,,-32.77072226
1132.0,0.20955605,0.00052732,5.15e-06,-3.1722392131599046,0.01298923850661258,,-32.77859991
1133.0,0.20957273,0.00054868,5.13e-06,-4.13309567465108,0.012861073475652327,,-32.76164293
1134.0,0.20955148,0.0005632,4.03e-06,-3.3289101636967673,0.013127731949635856,,-32.79315353
1135.0,0.20957242,0.00052892,6.27e-06,-3.925067223370888,0.012803633145277446,,-32.76604908
1136.0,0.20955626,0.00050284,7.22e-06,-2.9711226366242327,0.012981298836993206,,-32.79128426
1137.0,0.20956602,0.0004948,6.57e-06,-3.319113281642515,0.012889572165832574,,-32.79208538
1138.0,0.20958951,0.00051522,5.24e-06,-4.617266841702013,0.012929361929656269,,-32.76871947
1139.0,0.20958778,0.00055147,4.54e-06,-4.841293211565156,0.01281955054826911,,-32.79034963
1140.0,0.20957863,0.00054909,2.83e-06,-4.345314026489821,0.01276912442554761,,-32.78701164
1141.0,0.20957659,0.00052773,4.53e-06,-4.097208440574529,0.012857438438024367,,-32.78394069
1142.0,0.20954782,0.00052924,6.72e-06,-2.804215560740472,0.012883870999134281,,-32.76738427
1143.0,0.20957537,0.00053974,6.03e-06,-4.164544423286274,0.012802525984023268,,-32.76658315
1144.0,0.2095529,0.00051817,5.08e-06,-2.9602335757251232,0.01311880514056975,,-32.76778483
1145.0,0.20950704,0.00049952,6.98e-06,-0.6080457593360455,0.013060282937059004,,-32.74268316
1146.0,0.20953836,0.00049997,6.93e-06,-2.099960335289623,0.013039873699078249,,-32.78207142
1147.0,0.20953063,0.00048672,5.89e-06,-1.5813571409888232,0.013024414987627889,,-32.74882506
1148.0,0.20957293,0.00048689,5.62e-06,-3.6309392439031805,0.013181454923899995,,-32.74441892
1149.0,0.20953978,0.00049283,5e-06,-2.078782969208514,0.013129513855264919,,-32.76431332
1150.0,0.20957476,0.00051616,5.68e-06,-4.020007558779033,0.013198041454553227,,-32.77299209
1151.0,0.20956429,0.00055971,8.19e-06,-3.9868815047165107,0.013163485775584485,,-32.77179042
1152.0,0.20954843,0.00055938,9.48e-06,-3.2541293846252173,0.013206530195769277,,-32.79261946
1153.0,0.20953327,0.00057583,7.41e-06,-2.6638559874329397,0.013247533316904599,,-32.75696975
1154.0,0.20955137,0.00055565,6.39e-06,-3.3492294436049863,0.013376665232522764,,-32.75216305
1155.0,0.20955992,0.00055114,7.61e-06,-3.756127192013887,0.01343150002298254,,-32.79515633
1156.0,0.20952443,0.00057755,6.48e-06,-2.263064983100673,0.013391929984114159,,-32.76765131
1157.0,0.20955931,0.00058887,3.12e-06,-3.991876015933994,0.013278777954115929,,-32.77833287
1158.0,0.20953673,0.00058805,1.31e-06,-2.877865351522461,0.013363208546925243,,-32.77980159
1159.0,0.20951517,0.00057111,7.6e-07,-1.6287400210923189,0.013232536553359375,,-32.7696541
1160.0,0.20953775,0.00054011,1.48e-06,-2.4432609630295037,0.01337772309185441,,-32.78086974
1161.0,0.20952483,0.00051297,4.16e-06,-1.577820347591863,0.013354213288583546,,-32.75883902
1162.0,0.20953571,0.00051145,6.47e-06,-2.1320977090802864,0.013361129248803704,,-32.76471388
1163.0,0.20953734,0.00049349,5.94e-06,-1.9992697401022073,0.013229628492472945,,-32.79021611
1164.0,0.20954263,0.00048598,4.62e-06,-2.1738318716552842,0.01333589548842323,,-32.75176249
1165.0,0.20954243,0.00049136,3.21e-06,-2.216878067266482,0.013467226307366716,,-32.78954851
1166.0,0.20951456,0.00050435,7.9e-07,-0.9408372800722832,0.013465847771998062,,-32.78033566
1167.0,0.20953622,0.00052145,-1.88e-06,-2.0969505011844713,0.01322524311723011,,-32.80209934
1168.0,0.20956043,0.0005755,-3.14e-06,-3.763280418697881,0.013131256912606257,,-32.76858595
1169.0,0.20949758,0.00059424,-1.67e-06,-0.9590324875923343,0.013037192073727054,,-32.76898651
1170.0,0.20955382,0.00059506,-1.97e-06,-3.667351751527257,0.013148664456011077,,-32.76097534
1171.0,0.20955737,0.00058337,-1.81e-06,-3.702220616116878,0.01307632338439612,,-32.79061666
1172.0,0.20954426,0.00057857,1.63e-06,-3.0475143293800606,0.012914599129255048,,-32.73587367
1173.0,0.20954822,0.00055024,1.74e-06,-2.9745918378140694,0.012995583855399373,,-32.73226864
1174.0,0.20957059,0.00052346,9.6e-07,-3.736981313106891,0.01293002717526141,,-32.74949266
1175.0,0.20954527,0.00051936,2.25e-06,-2.514062039877583,0.012881653812442193,,-32.73066641
1176.0,0.20952138,0.00056213,1.99e-06,-1.7903291102204337,0.012750095457088141,,-32.77900047
1177.0,0.20955422,0.00054216,1.45e-06,-3.1450819313839995,0.012877507892450568,,-32.75269713
1178.0,0.20951832,0.00056812,1.11e-06,-1.7281442739322252,0.013020161784529093,,-32.76471388
1179.0,0.20955158,0.00056098,2.7e-07,-3.232755616806599,0.013061307537962035,,-32.78207142
1180.0,0.20955137,0.0005632,1.19e-06,-3.3400627329849026,0.013381790274709477,,-32.73640775
1181.0,0.20953368,0.00055315,5.5e-07,-2.3275893366833658,0.013180620270591368,,-32.74375132
1182.0,0.20952412,0.00052924,1.4e-07,-1.6163380074703144,0.013148012998438567,,-32.79729264
1183.0,0.20957609,0.00054593,7e-07,-4.343424254466701,0.013326157653822777,,-32.73667479
1184.0,0.20951304,0.00052916,2.7e-07,-1.0996786973133716,0.013307793346244259,,-32.72465803
1185.0,0.20953266,0.00052018,9e-08,-1.9559845844637713,0.013298193073442375,,-32.78207142
1186.0,,0.00051522,,,0.013278523462453558,,-32.74882506
1187.0,,0.00054175,,,0.013287257356047952,,-32.76791835
1188.0,,,,,0.013324366508938144,,-32.76871947
1189.0,,,,,0.013327621934003374,,-32.75002674
1190.0,,,,,0.013373887666984602,,-32.75737031
1191.0,,,,,0.013396717074949502,,-32.73213512
1192.0,,,,,,,-32.74455244
1193.0,,,,,,,-32.72599323
1194.0,,,,,,,-32.7484245
1195.0,,,,,,,-32.75897254
1196.0,,,,,,,-32.75243009
1197.0,,,,,,,-32.75283065
