Time (s),O2 (Vol fr),CO2 (Vol fr),CO (Vol fr),HRR (kW/m2),MFR (kg/s),k_smoke (1/m),original HRR (kW/m2),Mass (g)
0.0,0.20938158,0.00062793,2.3e-07,8298910.353979015,0.026673861160987723,,3.71955924,56.09726111
1.0,0.20938687,0.00065639,7.3e-07,8264435.056786898,0.02656319290498786,,3.44830301,56.02674075
2.0,0.20910636,0.00072548,2.21e-06,8263234.404786735,0.026555760104308847,,17.00989247,56.06101601
3.0,0.20862435,0.00083577,3.95e-06,8084919.467058518,0.02597666657211646,,39.40339558,56.04131759
4.0,0.20795811,0.00104088,4.88e-06,8055614.600366678,0.025874320176643387,,70.52106222,55.90067084
5.0,0.20777379,0.00122818,8.84e-06,8003426.878492897,0.025704720700709147,,78.64046741,55.85142478
6.0,0.20716753,0.00139848,1.693e-05,7945634.605115056,0.025511519777847155,,106.02068007,55.75766028
7.0,0.20674805,0.00162525,2.644e-05,7938669.17014598,0.025484105752047174,,125.20280565,55.66928001
8.0,0.20649194,0.001856,3.301e-05,7891239.21481589,0.025329010149438985,,136.13480802,55.60164876
9.0,0.20638885,0.00205524,3.762e-05,7838758.155880491,0.025159670207016063,,139.89732909,55.46467905
10.0,0.20620432,0.00227248,4.47e-05,7858713.62937419,0.02522177045290275,,148.62252282,55.36106533
11.0,0.20608039,0.00241886,5.153e-05,7896472.615893956,0.02534159912434677,,154.98022881,55.29382805
12.0,0.20596479,0.00254073,5.56e-05,7844813.839645568,0.025174560094946435,,159.19299409,55.15659569
13.0,0.20585377,0.00266461,5.966e-05,7859062.637675652,0.025219093187491246,,164.50849866,55.04654716
14.0,0.20574234,0.00281175,6.159e-05,7891390.554207087,0.025321729686183,,170.24878653,54.9702486
15.0,0.2056304,0.00294705,6.398e-05,7883111.658365433,0.025294015989943137,,175.1486455,54.89408135
16.0,0.20552415,0.00305247,6.451e-05,7900901.61164798,0.02534997359829393,,180.37230871,54.73662528
17.0,0.20550941,0.00314572,6.425e-05,7823208.588605819,0.025100759453356197,,179.26337992,54.64378004
18.0,0.20546275,0.00324444,6.473e-05,7793368.780720816,0.025004667234735715,,180.67167729,54.49367805
19.0,0.20546508,0.00329496,6.592e-05,7824520.293752231,0.025104759843473413,,181.28953055,54.39295344
20.0,0.20548664,0.00334568,7.159e-05,7774374.664777292,0.024944180194329413,,179.16488675,54.2880265
21.0,0.20546468,0.00342177,7.638e-05,7838020.200684453,0.02514821680593199,,181.62170383,54.17942252
22.0,0.2054538,0.00349122,8.136e-05,7697205.1863666335,0.02469636658748137,,178.84062477,54.04087694
23.0,0.20544668,0.00355123,8.467e-05,7743151.460526269,0.02484379173890176,,180.22554971,53.95880017
24.0,0.20539229,0.00357917,8.691e-05,7742734.456437405,0.024841783971801677,,182.63584969,53.8796125
25.0,0.20532925,0.00362382,9.195e-05,7716579.659898549,0.02475708276190416,,184.81305314,53.73673326
26.0,0.20533708,0.00368037,9.716e-05,7756585.477084807,0.02488559023073188,,185.42286771,53.60829954
27.0,0.20532549,0.0037323,0.00010058,7752460.409681374,0.024872281407283616,,185.84086629,53.48170433
28.0,0.20531085,0.00374593,0.00010231,7716942.408949872,0.024758144517366173,,185.63828602,53.35261399
29.0,0.20534054,0.00375216,0.00010345,7765238.867102638,0.0249134743173435,,185.47613106,53.28984168
30.0,0.20539636,0.00376261,0.00010449,7798386.459230324,0.025020558930330696,,183.76761062,53.15562974
31.0,0.20540561,0.00377004,0.00010776,7805461.944357699,0.02504334030245945,,183.51916096,53.01380109
32.0,0.20538924,0.00379263,0.00011106,7756384.3084185505,0.0248856654647653,,183.09466395,52.94761438
33.0,0.20542787,0.00381727,0.00011219,7786742.147202753,0.024983613408502615,,182.08321347,52.82850458
34.0,0.20540286,0.00381844,0.00011334,7757495.404112565,0.024889433854818628,,182.51392897,52.74419532
35.0,0.205393,0.00383053,0.00011807,7767801.834125433,0.024922318915093947,,183.19611267,52.65883548
36.0,0.20541191,0.00385566,0.00012065,7781346.388324452,0.024966041001895697,,182.67030027,52.50124809
37.0,0.205393,0.00385819,0.00011915,7744332.542549105,0.024847073659223947,,182.64300851,52.38594664
38.0,0.20541486,0.00388536,0.00011625,7755198.4602884315,0.024882344866874708,,181.92626364,52.27208975
39.0,0.20541639,0.0038981,0.00011569,7760078.329950702,0.024898065909018507,,181.97306749,52.17307234
40.0,0.20539666,0.00390308,0.00011795,7765900.933609217,0.024916463577964572,,182.98942813,52.05002285
41.0,0.2053747,0.00392334,0.00012182,7792973.802412032,0.02500302257105659,,184.61036743,51.95691496
42.0,0.20541405,0.00394505,0.00012333,7756780.189989925,0.024887438777575502,,181.99983316,51.84936156
43.0,0.20538548,0.00393584,0.00012199,7777713.184552939,0.024954230688449795,,183.76756779,51.77004257
44.0,0.20542218,0.00395304,0.00012209,7755722.555334186,0.024884194716197003,,181.61289582,51.62046587
45.0,0.20543896,0.00395244,0.00012092,7760663.177358363,0.024900283937706366,,180.98067222,51.53615661
46.0,0.20538914,0.00396759,0.00011988,7713196.065795393,0.024747402071272153,,182.08191475,51.4325429
47.0,0.20511402,0.00396148,0.00011878,7686995.485556212,0.02465980594335609,,193.60470977,51.31868601
48.0,0.20526602,0.00398162,0.00011833,7688662.838210562,0.02466717188832384,,186.93995244,51.21349642
49.0,0.20508657,0.00403697,0.00011875,7655621.825713298,0.024559007296638298,,194.02171817,51.06418237
50.0,0.20527385,0.0040471,0.00011893,7639530.389324473,0.02450980398393349,,185.40319959,50.99274275
51.0,0.20535955,0.00404264,0.00011856,7606094.169616632,0.024403615284170836,,180.84792418,50.81217386
52.0,0.20518387,0.00405156,0.00011776,7595730.095100338,0.024368169650299015,,188.26374174,50.72891518
53.0,0.20527039,0.00405827,0.00011935,7598085.077684765,0.024376813260401173,,184.54833314,50.59995616
54.0,0.2051555,0.00406836,0.00012113,7639684.926678605,0.024508803494239135,,190.59668461,50.46521894
55.0,0.20519424,0.00408271,0.00012075,7653511.907742801,0.02455370258316354,,189.2405798,50.35674628
56.0,0.20519464,0.00410457,0.00011986,7670372.313937029,0.024607872529271213,,189.64013512,50.21609953
57.0,0.2052221,0.00413962,0.00011587,7625964.917117146,0.02446592031428792,,187.34189249,50.072695
58.0,0.20521254,0.00415301,0.00011588,7634515.298148826,0.024493264935368624,,187.97103155,49.98707252
59.0,0.20524029,0.00418645,0.00011738,7686741.0494867,0.02466123501178539,,188.03262496,49.86415435
60.0,0.20520451,0.00420759,0.00012109,7664431.613206713,0.024589189929742978,,189.06134002,49.73112432
61.0,0.20517126,0.00422407,0.00012257,7669123.081505281,0.024603831263822595,,190.64055221,49.60623631
62.0,0.20513486,0.004209,0.00012741,7630157.327799302,0.024478230765307286,,191.264619,49.51404769
63.0,0.20509104,0.00421551,0.00013717,7549474.002925081,0.024218680020646314,,191.13887153,49.36433966
64.0,0.20493224,0.00429758,0.0001507,7586249.513379018,0.02433460814045624,,198.97832286,49.29592047
65.0,0.20467715,0.00430445,0.00016372,7569006.120669764,0.0242758376452063,,209.58495576,49.18075034
66.0,0.20447096,0.00436607,0.00017787,7517734.271750564,0.02410869324443376,,217.03416377,49.0292038
67.0,0.20435455,0.00440996,0.00019043,7540578.713113547,0.024180362759461154,,222.71175227,48.9112759
68.0,0.20428928,0.00447162,0.00020053,7601931.184398675,0.024376244017558623,,227.35944988,48.77588206
69.0,0.20413962,0.00451816,0.00021098,7516854.857199667,0.024101473254867146,,231.24032454,48.6553277
70.0,0.20413383,0.00455373,0.00021958,7544414.250311168,0.0241897024290713,,232.33719281,48.55420912
71.0,0.20412265,0.00461603,0.00022333,7511336.53603824,0.02408359821236736,,231.79909587,48.36234647
72.0,0.2040165,0.00465631,0.00022502,7559510.103482245,0.024236774572110403,,237.86665359,48.25492439
73.0,0.20402952,0.00470044,0.00022092,7589765.958985548,0.02433413607571139,,238.25686429,48.13463268
74.0,0.20403196,0.00468103,0.00021956,7524427.158832367,0.0241246531072411,,236.10071641,48.05413179
75.0,0.20391087,0.00473223,0.00021848,7536369.921125886,0.02416155148399413,,241.68366544,47.94355796
76.0,0.20358461,0.00481997,0.00021592,7311837.028464106,0.02343791944446443,,248.08205151,47.81670011
77.0,0.20326771,0.00495454,0.00021356,7353513.870913732,0.023567932167725052,,262.76139643,47.70783348
78.0,0.20270782,0.00510438,0.00021891,7373385.985987924,0.023624855787966897,,286.91773624,47.52411284
79.0,0.20222113,0.00526986,0.00022682,7215796.187473436,0.02311417330526264,,300.68088314,47.38530461
80.0,0.20178293,0.00550242,0.00023686,7051522.069185188,0.022583029598614666,,311.30387739,47.20237191
81.0,0.20072202,0.00576383,0.00024601,6907655.259773989,0.022110027185822712,,346.22617446,47.04819891
82.0,0.20012593,0.00603261,0.00025513,6808981.381020911,0.021787573733212863,,364.05123469,46.86500356
83.0,0.1993872,0.00642232,0.00026634,6727047.631635512,0.021517378725124426,,387.46362837,46.6449065
84.0,0.19859296,0.00675649,0.00027662,6728933.113123057,0.021514542308906332,,417.34874769,46.43649717
85.0,0.19755482,0.0071079,0.00028259,6778369.637891243,0.021660738660637703,,459.44607305,46.2618378
86.0,0.19674584,0.00745947,0.00028576,6717517.589150804,0.021457241984065133,,485.33329272,46.04935746
87.0,0.19633784,0.00780638,0.00028882,6689332.172224517,0.021363027722920945,,498.33400524,45.82742188
88.0,0.19631435,0.00810735,0.00029094,6699403.632783386,0.021395596276513797,,499.96538654,45.61901255
89.0,0.19629799,0.00838319,0.00029475,6737238.636188598,0.021516833625438655,,503.40933749,45.4249174
90.0,0.19629229,0.00856358,0.00029921,6716387.12938142,0.02145053278309981,,502.0699874,45.24894481
91.0,0.19629951,0.00868292,0.00030189,6691346.240020847,0.02137088983042212,,499.9382963,45.03055494
92.0,0.19642284,0.00883609,0.00030601,6714932.764089634,0.021448031900036302,,497.15395913,44.84118742
93.0,0.19664854,0.00891523,0.00030994,6733284.583339163,0.021509539309995555,,490.15155844,44.64118275
94.0,0.1969933,0.00899148,0.00031421,6743373.520818718,0.021546097638573892,,478.07537649,44.49186869
95.0,0.19733338,0.00898678,0.00031442,6885893.981158922,0.022005687660090853,,475.2507027,44.29094476
96.0,0.19773305,0.00895571,0.00031275,6793822.948002903,0.021716289771917648,,453.87757105,44.1283671
97.0,0.1980835,0.00891358,0.00031352,6797138.8251692755,0.02173104490376165,,440.89739288,43.96014255
98.0,0.19837763,0.00884662,0.00031289,6776389.476433237,0.0216681182391744,,428.48682941,43.76696667
99.0,0.19870693,0.00879321,0.00031051,6874071.405163284,0.021984407228867554,,422.0793726,43.61003589
100.0,0.199399,0.00868171,0.0003111,6945940.53661198,0.022222492472754513,,399.70078071,43.47845041
101.0,0.19963212,0.00852403,0.0003136,6899018.682799831,0.022074783678353013,,388.01063111,43.27503134
102.0,0.19991975,0.00839364,0.00031666,6910924.392246285,0.022116007155631803,,377.55855744,43.14081941
103.0,0.20004429,0.00829316,0.00032128,6886309.118244783,0.0220384195724316,,371.4076125,43.00989055
104.0,0.2001059,0.00818962,0.00032916,6972626.7635563975,0.022315030018720133,,373.65086279,42.85755606
105.0,0.20021438,0.00805674,0.00033728,6952588.424621493,0.022251759962411154,,368.34404754,42.754205
106.0,0.2003375,0.00795329,0.00034957,6916150.61174087,0.022136174924248003,,361.63306398,42.60659814
107.0,0.20050505,0.00783062,0.0003634,6975318.962054342,0.02232706271677188,,358.16275527,42.44126269
108.0,0.20066122,0.00771305,0.0003783,7060262.825207387,0.02260033720563223,,356.32659717,42.29969668
109.0,0.20091925,0.00761192,0.00039195,7049096.45682163,0.022567282870536477,,345.5350836,42.21210435
110.0,0.20110114,0.00751803,0.00040208,7101362.662735944,0.022736451028235648,,340.82558003,42.02785842
111.0,0.20133752,0.00742052,0.00041062,7082666.19484953,0.02267911124091128,,330.49582796,41.94171064
112.0,0.20150446,0.00728961,0.00042153,7095814.772886775,0.022722756013644013,,324.42571797,41.77887033
113.0,0.20181923,0.00716216,0.00043238,7218310.570397496,0.02311844256646752,,317.19893854,41.6763072
114.0,0.2023109,0.00700717,0.00043774,7212874.684346464,0.023106662409262173,,296.90436018,41.61576737
115.0,0.20264326,0.00678756,0.00043901,7276414.797732278,0.023313787892662943,,285.81329014,41.4612004
116.0,0.20293515,0.00659061,0.0004322,7191525.585598501,0.023045018525552526,,270.56548862,41.3099165
117.0,0.20313463,0.0064271,0.00042593,7319410.778201681,0.023457009745085567,,267.08047587,41.24675022
118.0,0.20330929,0.00627381,0.00041297,7331015.785290258,0.02349622041002381,,260.22249177,41.11976104
119.0,0.2035776,0.00614909,0.00039505,7270274.315605994,0.023304856150485168,,246.96499456,41.00879325
120.0,0.20391555,0.00598273,0.00037373,7357043.779913523,0.023587162449707964,,235.74130958,40.9210696
121.0,0.20413047,0.00587099,0.00035109,7353090.132867911,0.023577271743448994,,226.59619215,40.81102107
122.0,0.20423143,0.00575841,0.00033177,7352152.3672529515,0.023575569762732722,,222.32835807,40.728419
123.0,0.20435364,0.00564317,0.00031499,7385253.458252757,0.02368323528780471,,218.17172428,40.64975663
124.0,0.20450024,0.00550853,0.00030114,7359258.246431184,0.023601590610018534,,211.23323239,40.52316142
125.0,0.20474832,0.00540334,0.00028831,7410722.289723073,0.02376968740077519,,202.18738366,40.48310796
126.0,0.20481959,0.00529204,0.00027526,7438654.3788207015,0.023860113508140407,,199.91214796,40.35927053
127.0,0.20489116,0.00516294,0.00026421,7439954.105385273,0.023865039587787813,,196.89453025,40.30424626
128.0,0.20496609,0.00505105,0.00025519,7414180.304604483,0.02378316938803644,,193.02690362,40.24173659
129.0,0.20510772,0.00498232,0.00024692,7388171.104458335,0.02370145999203956,,186.34851513,40.19774344
130.0,0.20528289,0.00490293,0.00023457,7452477.72694957,0.023909955238940378,,180.47762218,40.09360444
131.0,0.20513659,0.00478677,0.00021765,7457804.062148041,0.023925219142895467,,186.86944351,39.99878935
132.0,0.20526775,0.0046926,0.00020435,7508939.7198770335,0.024090906562634753,,182.49805073,39.9582106
133.0,0.20519078,0.0045836,0.00019481,7515825.449654128,0.02411191811967714,,185.98510165,39.90870189
134.0,0.20593225,0.00447612,0.00018607,7505186.103360094,0.02408693977169936,,153.72447524,39.82426131
135.0,0.20569872,0.00438468,0.00017686,7447705.0381075395,0.023899497398754556,,162.55930379,39.782238
136.0,0.20589911,0.00429163,0.00016812,7476350.83001718,0.023993828227278243,,154.56004594,39.69569626
137.0,0.20572637,0.00422097,0.00016051,7578614.596583696,0.0243197980370292,,164.20984289,39.65367295
138.0,0.20595391,0.0041721,0.00015137,7573891.956155212,0.02430754471094692,,154.1858743,39.57553587
139.0,0.2059835,0.0040842,0.00014219,7538164.318683348,0.02419318718766141,,152.17332101,39.52445129
140.0,0.20611068,0.00401422,0.0001318,7548512.077659543,0.024227994302178004,,146.84915758,39.48531708
141.0,0.20621815,0.00395686,0.00012297,7594848.263580203,0.024378078248309745,,143.04424295,39.41873641
142.0,0.20631636,0.00389066,0.00011584,7617298.114024173,0.024451332037898163,,139.15075235,39.38222866
143.0,0.20629409,0.00384291,0.00010843,7546107.664548036,0.02422254261803812,,138.81982905,39.34769075
144.0,0.20632043,0.00378644,0.00010009,7542302.855582388,0.024210660489943147,,137.60381631,39.26653324
145.0,0.20629898,0.00374709,9.371e-05,7535401.850221328,0.024188252507610832,,138.41077612,39.20599342
146.0,0.2063555,0.00371418,8.881e-05,7602381.533020849,0.02440396695224402,,137.16102919,39.16685921
147.0,0.20637757,0.00365831,8.645e-05,7669393.762506119,0.02461925494048487,,137.39282486,39.12312871
148.0,0.20637319,0.0036364,8.446e-05,7642579.593007821,0.0245331028006462,,137.10520355,39.07059958
149.0,0.20645809,0.00360453,8.127e-05,7603438.853423787,0.024408500412686947,,132.67627573,39.03960739
150.0,0.20654888,0.00358572,7.808e-05,7635744.495722892,0.024513361239827693,,129.23593922,38.98353254
151.0,0.20662452,0.00353608,7.754e-05,7592379.754303257,0.02437497430284283,,125.18298553,38.91445673
152.0,0.20666102,0.00345855,7.408e-05,7715410.279305326,0.024770280833703657,,125.58320144,38.88687894
153.0,0.20672019,0.00344339,7.462e-05,7662427.449766547,0.024600878085669065,,122.0994887,38.84721944
154.0,0.20675435,0.00339283,6.999e-05,7629060.102576015,0.0244941301865538,,120.06060514,38.8015191
155.0,0.20683375,0.0033194,6.65e-05,7686395.767250742,0.024679089879843946,,117.43226924,38.77709305
156.0,0.20693532,0.00328997,6.55e-05,7655561.989456104,0.02458131153030693,,112.46173982,38.70591608
157.0,0.20697121,0.00324367,6.235e-05,7660285.496478628,0.02459686617770429,,110.93953296,38.65640737
158.0,0.20707542,0.00317747,6.166e-05,7737912.927359993,0.024847288247833475,,107.3940308,38.65614472
159.0,0.20718522,0.00316216,5.862e-05,7810627.911114886,0.025082207647372422,,103.43497291,38.62475857
160.0,0.20728476,0.0031284,5.459e-05,7743277.346484916,0.0248671741173975,,98.0758821,38.5938977
161.0,0.20736152,0.00294897,5.155e-05,7754516.995029515,0.024903826719950985,,94.76516861,38.53742888
162.0,0.20738836,0.0029202,4.992e-05,7698485.677837056,0.024724173329738676,,92.88182373,38.54517693
163.0,0.20753497,0.00288085,4.756e-05,7726573.446104334,0.024816173212234564,,86.64788719,38.45193772
164.0,0.20755001,0.0028122,4.431e-05,7732002.643905081,0.024833679118427692,,86.03303373,38.47820228
165.0,0.20770272,0.00275878,4.291e-05,7810170.331128353,0.02508657223623824,,79.97683777,38.44011866
166.0,0.20770902,0.00269206,4.099e-05,7842133.067597962,0.025189175761417094,,80.01653055,38.41319748
167.0,0.20778304,0.00265568,3.804e-05,7866344.562789133,0.025267851866666087,,76.8806419,38.4104397
168.0,0.20784485,0.0025927,3.517e-05,7773957.843001622,0.024971762259216875,,73.18445719,38.35791057
169.0,0.20784658,0.00256658,3.282e-05,7800377.980871617,0.025056625530991052,,73.35473209,38.32888823
170.0,0.20795445,0.00250701,3.174e-05,7777028.928526519,0.02498285345567186,,68.25702246,38.31693785
171.0,0.2079753,0.00245817,3.012e-05,7798678.330248185,0.025052564974127823,,67.50140308,38.27977349
172.0,0.20797845,0.00241348,3.015e-05,7810485.901101498,0.02509041671344404,,67.46010175,38.26178226
173.0,0.20797133,0.00238128,3.171e-05,7805129.373677921,0.025073004945487944,,67.7366153,38.20019185
174.0,0.20800173,0.00237011,3.346e-05,7787992.902639048,0.02501828065405893,,66.21065377,38.18298856
175.0,0.20799909,0.0023552,3.421e-05,7849467.297655878,0.025215674747685782,,66.85384382,38.1912619
176.0,0.20799909,0.00233518,3.469e-05,7842918.381577798,0.025194574828001907,,66.79790199,38.17340199
177.0,0.20800295,0.00228325,3.462e-05,7871467.867201586,0.02528619908098329,,66.86379268,38.12980281
178.0,0.20801098,0.00224334,3.441e-05,7857370.23128569,0.02524091218624011,,66.37665425,38.11509465
179.0,0.20801027,0.00220825,3.354e-05,7875695.896563997,0.02529969433512714,,66.56386469,38.10432618
180.0,0.20808774,0.00218884,3.243e-05,7888632.228479032,0.025342214868458716,,63.11728988,38.08988067
181.0,0.20815901,0.00215282,2.881e-05,7850573.517551324,0.025220832695836606,,59.55615386,38.06781844
182.0,0.20817874,0.00212212,2.602e-05,7866499.681275173,0.025272219139405163,,58.77363326,38.00767258
183.0,0.20821808,0.00211159,2.258e-05,7798359.241615875,0.02505384247659843,,56.4780834,38.00557141
184.0,0.20822012,0.00210688,1.989e-05,7851575.238440868,0.025224872713417536,,56.7706065,38.00163173
185.0,0.20827705,0.00207268,1.972e-05,7869991.485614123,0.025284679256980615,,54.29404029,37.99257045
186.0,0.20829749,0.00204591,2.16e-05,7890688.394005232,0.025351330098402503,,53.49733022,37.96341678
187.0,0.20833836,0.002015,2.299e-05,7894766.44715803,0.025364848129705943,,51.64497578,37.95212302
188.0,0.2083474,0.00198297,2.311e-05,7895083.12847678,0.025365893578092547,,51.23063399,37.89381568
189.0,0.2083351,0.00196038,2.31e-05,7909033.3011956,0.025410495212082003,,51.88791907,37.87109683
190.0,0.20833337,0.0019224,2.314e-05,7884287.945051495,0.025330867761339755,,51.80475887,37.88002679
191.0,0.20836113,0.00190142,2.423e-05,7946763.788494971,0.025531873659765798,,50.92997252,37.83944803
192.0,0.2083898,0.00185166,2.462e-05,7981582.94531664,0.025643972698019928,,49.81934941,37.86256085
193.0,0.20846941,0.00181062,2.279e-05,7990050.435744281,0.02567213367598628,,46.16460213,37.8352457
194.0,0.20844674,0.00180495,2.403e-05,7938298.203379361,0.0255055227229029,,46.91471354,37.80241499
195.0,0.20849503,0.00179104,2.571e-05,7962777.766618992,0.02558473026317015,,44.81740947,37.79991986
196.0,0.2085362,0.00178485,2.627e-05,7931037.270979344,0.025483249552180603,,42.73445523,37.81200156
197.0,0.20852563,0.0017691,2.476e-05,7900275.947096463,0.025384260402082148,,43.0558154,37.76722047
198.0,0.20857169,0.00175712,2.226e-05,7913362.431287556,0.025426913631143713,,41.0016191,37.71259017
199.0,0.20857748,0.00173932,2.135e-05,7922775.65818332,0.025457203279451265,,40.78253866,37.72690436
200.0,0.20860503,0.00171311,2.189e-05,7919172.966778116,0.02544590069573568,,39.49110613,37.70589271
201.0,0.20857738,0.00171202,2.135e-05,7987536.323052923,0.025665214959452218,,41.12051306,37.71167092
202.0,0.20863655,0.00168743,2.165e-05,7999242.087680013,0.02570352255024462,,38.41944257,37.6943363
203.0,0.20866227,0.00165555,2.309e-05,8056229.678699936,0.025886859403166883,,37.48386172,37.70431684
204.0,0.20865831,0.00163381,2.357e-05,7992888.3944685,0.025683207533133787,,37.37397972,37.69670011
205.0,0.20868718,0.00162191,2.307e-05,8023819.299356454,0.02578294885406453,,36.16662209,37.64653479
206.0,0.20869532,0.00159558,2.367e-05,8035673.221114365,0.025821062169401488,,35.83850901,37.65375755
207.0,0.20870457,0.00155644,2.265e-05,8002036.14886174,0.02571300891885821,,35.25629529,37.69184117
208.0,0.20869145,0.00149695,2.232e-05,8005027.287150206,0.02572229514073209,,35.88198142,37.64259511
209.0,0.20871779,0.00148951,2.27e-05,8034029.420287428,0.02581580222924884,,34.77725857,37.60792588
210.0,0.20875266,0.00145865,2.059e-05,8007083.310974979,0.025729624034109465,,33.03068034,37.60319826
211.0,0.2087856,0.00145205,1.834e-05,8003763.396652506,0.025719406898020793,,31.47781127,37.585601
212.0,0.20881783,0.00146086,1.909e-05,7966684.942162541,0.025600683881438324,,29.83278944,37.57036755
213.0,0.20880756,0.0014625,2.179e-05,8022536.650977387,0.025779982186859594,,30.52292248,37.618957
214.0,0.20887456,0.00144349,2.174e-05,8010305.906422093,0.02574149711171485,,27.34203177,37.61422937
215.0,0.20887161,0.00142496,2.072e-05,8016672.552095286,0.02576188717014968,,27.50178902,37.56419537
216.0,0.20892539,0.00139422,1.925e-05,8029334.944973963,0.02580322055727398,,25.02250583,37.58271189
217.0,0.20894827,0.00134353,1.809e-05,8071675.742804518,0.025939469716355305,,24.07552532,37.55776056
218.0,0.20895711,0.00133011,1.704e-05,8067248.586919977,0.02592534080817454,,23.64535909,37.54515356
219.0,0.20901466,0.00130205,1.593e-05,8081290.401942124,0.025971162051913535,,20.96877444,37.56852903
220.0,0.20903113,0.00125245,1.703e-05,8065724.214828603,0.02592119508216396,,20.15176862,37.56787241
221.0,0.20904455,0.0012422,1.761e-05,8100919.2880457025,0.026034439725024672,,19.60417038,37.54462827
222.0,0.20905207,0.00120913,1.56e-05,8062421.430964783,0.025910762228250075,,19.15637667,37.54344637
223.0,0.20904709,0.00118055,1.432e-05,8086249.396371767,0.02598722074988332,,19.44844291,37.51691916
224.0,0.20908085,0.00116073,1.321e-05,8067255.950096664,0.025926587082220752,,17.81080658,37.53596097
225.0,0.2090904,0.00115812,1.193e-05,8081998.299993714,0.025974107676986928,,17.39176815,37.49708941
226.0,0.20914876,0.00113248,1.23e-05,8110350.575713133,0.02606591355923749,,14.68498085,37.47962347
227.0,0.20918811,0.00110354,1.157e-05,8080766.098673184,0.025971279514986945,,12.77169327,37.45808653
228.0,0.20920925,0.00106821,1.068e-05,8099124.832299925,0.026030480065606414,,11.79873694,37.4642587
229.0,0.20919634,0.00105358,1.039e-05,8124123.741806039,0.026110622407836515,,12.44879621,37.4654406
230.0,0.20921241,0.00105145,1.117e-05,8115010.500700527,0.02608152256763308,,11.67222623,37.51494931
231.0,0.20925338,0.00102866,1.118e-05,8120110.431271734,0.02609838740570948,,9.7329477,37.47594643
232.0,0.20924382,0.00099767,9.02e-06,8090321.405383463,0.026002475464734647,,10.1496355,37.5005038
233.0,0.20924382,0.00096953,8.91e-06,8098275.353540942,0.026027964753012597,,10.15958482,37.53622361
234.0,0.20927839,0.00094075,1.035e-05,8117717.199121114,0.026090797441419896,,8.54192902,37.48527035
235.0,0.20933939,0.00093183,1.134e-05,8086402.082819591,0.02599090080061261,,5.62182882,37.50024116
236.0,0.20929842,0.0009375,1.009e-05,8118419.248738287,0.026093311950549685,,7.59106276,37.4734513
237.0,0.20932506,0.00092279,9.23e-06,8094138.28321498,0.026015594238467055,,6.30641256,37.51219153
238.0,0.20934732,0.0008967,9.33e-06,8082565.798704652,0.0259786155889889,,5.2439386,37.51573725
239.0,0.20936582,0.00089305,1.071e-05,8108984.112279246,0.026063733767410963,,4.38266395,37.48369448
240.0,0.20932262,0.00087958,1.24e-05,8120308.775700243,0.026099499345373704,,6.44273686,37.51206021
241.0,0.20935728,0.0008418,1.06e-05,8071056.683338512,0.02594157963338471,,4.76567229,37.4947256
242.0,0.20938168,0.00082556,9.29e-06,8097191.115236704,0.026025878081221306,,3.62438056,37.50378687
243.0,0.20936125,0.00082074,8.08e-06,8099043.700882601,0.026031575743541452,,4.59419499,37.47765363
244.0,0.2093458,0.0008379,7.2e-06,8166232.811802053,0.026247392669190683,,5.3711005,37.46242018
245.0,0.20935139,0.00080908,5.91e-06,8127985.407242465,0.02612447876612528,,5.07986998,37.46360209
246.0,0.20935088,0.00081784,3.58e-06,8140347.894583855,0.026164274988508467,,5.11183431,37.4538842
247.0,0.20941961,0.00082335,1.14e-06,8154721.350796955,0.026211437334445302,,1.83936366,37.47226939
248.0,0.20938077,0.00083207,1.39e-06,8160192.977654843,0.026228533567270212,,3.69632139,37.45257097
249.0,0.209407,0.00083083,2.95e-06,8149890.945377231,0.02619573197525551,,2.43993078,37.46347076
250.0,0.2093767,0.00080378,4.82e-06,8164308.565906952,0.02624156537678115,,3.89255888,37.46727912
251.0,0.20942418,0.00078919,5.28e-06,8203139.671351732,0.026366953553684076,,1.63049484,37.48999797
252.0,0.20935505,0.00078943,6.41e-06,8199997.378626265,0.02635591972141647,,4.94916708,37.4538842
253.0,0.20943903,0.00078669,4.52e-06,8198441.030629151,0.02635205447626139,,0.91687956,37.47883553
254.0,0.20938687,0.00077942,6.3e-06,8192985.206483119,0.026333775948157882,,3.41852123,37.4596624
255.0,0.20941097,0.00074783,6.74e-06,8166895.742130156,0.026250141092377083,,2.25537396,37.45033848
256.0,0.20942947,0.00076193,5.86e-06,8134613.661546993,0.02614667722349537,,1.36501993,37.47712834
257.0,0.20935179,0.00074759,6.53e-06,8142863.987608932,0.02617212512234141,,5.06974808,37.46557193
258.0,0.20940426,0.00077146,4.08e-06,8179171.832000919,0.0262896264602943,,2.58015072,37.46176357
259.0,0.20937548,0.00075695,2.41e-06,8144981.992850725,0.02617934716986889,,3.94151113,37.47739098
260.0,0.20941381,0.00076085,1.53e-06,8149844.551190485,0.02619550666629075,,2.11482072,37.44416631
261.0,0.20949291,0.00078074,-2e-07,8129443.575144695,0.02613105523618185,,-1.6566237,37.47121881
262.0,0.20937904,0.00074087,-4.7e-07,8134627.4842170775,0.02614612297569632,,3.76702775,37.48618961
263.0,0.20948427,0.00071282,2.4e-07,8181616.103969042,0.02629844763586727,,-1.25306584,37.46609722
264.0,0.20940131,0.00070221,-1.18e-06,8206540.502892468,0.02637746485477004,,2.73045498,37.46741045
265.0,0.20921749,0.00071435,-2.42e-06,8129364.088173779,0.026127052810025163,,11.45081181,37.46189489
266.0,0.20923518,0.0006967,-3.7e-07,8220797.882548887,0.026421059261191596,,10.72873081,37.45742991
267.0,0.20908684,0.00069465,1.68e-06,8214267.9614795325,0.026398061038534357,,17.84656631,37.45270229
268.0,0.2092605,0.00070498,6.9e-07,8230589.973700806,0.026452869140726275,,9.52236298,37.45493478
269.0,0.20944462,0.0007016,-1.55e-06,8205434.819669654,0.02637448845169906,,0.64894054,37.46333944
270.0,0.20953124,0.00068147,-2.48e-06,8202920.695668516,0.026367512581765312,,-3.51356852,37.44048927
271.0,0.20947766,0.00068034,-2.38e-06,8196588.451593741,0.02634644667874792,,-0.93806574,37.4717441
272.0,0.20950257,0.00066639,-1.49e-06,8157641.860848822,0.026221531618509722,,-2.12391768,37.44442895
273.0,0.20942479,0.0006461,-2.05e-06,8126980.759938473,0.026121913716430502,,1.58630969,37.46727912
274.0,0.20944543,0.00066338,-1.65e-06,8116779.3839653395,0.026089433698898434,,0.6032623,37.46504664
275.0,0.20945895,0.00066302,-3.9e-07,8117202.907323581,0.026090946899911625,,-0.03955489,37.43024609
276.0,0.20938758,0.00066579,3.2e-07,8149888.666201877,0.026195065742180997,,3.36655358,37.46320812
277.0,0.20943882,0.00066953,2.36e-06,8172128.749096578,0.02626719477892389,,0.92365876,37.4625515
278.0,0.20947146,0.00065434,2e-06,8176631.775533303,0.02628206308321674,,-0.63874646,37.45283361
279.0,0.20947573,0.00067894,2.06e-06,8149709.2979611615,0.026195648928173124,,-0.84048347,37.45979372
280.0,0.20941341,0.00069815,3e-06,8213129.6086301,0.026398712550486276,,2.15078505,37.45664198
281.0,0.20949576,0.00070386,3.98e-06,8213842.189399461,0.02640208870147142,,-1.81077947,37.43628694
282.0,0.20945936,0.00069015,2.95e-06,8217843.611235445,0.026414450966888683,,-0.05961948,37.45585404
283.0,0.20946434,0.00066491,3.6e-07,8181124.403249753,0.02629647028769234,,-0.29806784,37.47699701
284.0,0.20941493,0.00065152,-1.25e-06,8162632.799339328,0.02623637742996794,,2.06466337,37.45296494
285.0,0.20947481,0.00067596,-3.7e-07,8150498.102122027,0.026198210135483034,,-0.7968817,37.44692409
286.0,0.20944777,0.00066583,2.2e-07,8156473.866735855,0.02621702408553658,,0.49450782,37.43339783
287.0,0.20945489,0.00069349,-8e-08,8182521.224270341,0.026300922875213986,,0.15502525,37.47200675
288.0,0.2094435,0.00068034,-1.43e-06,8230736.235281565,0.026455737885265014,,0.70484963,37.46819838
289.0,0.2094557,0.00063854,-3.5e-06,8171653.804813322,0.026265916040552846,,0.11589133,37.47161278
290.0,0.20944584,0.00064361,-4.49e-06,8194136.344910247,0.026338083854831867,,0.58949526,37.46964294
291.0,0.20944614,0.00066804,-4.52e-06,8137439.147083953,0.026155915886685838,,0.57088181,37.49853396
292.0,0.20945011,0.00068834,-4.94e-06,8157431.788647088,0.02622029355570489,,0.38284981,37.45112642
293.0,0.20946546,0.00070092,-4.83e-06,8168672.239140741,0.026256657913015867,,-0.35112506,37.44442895
294.0,0.20944482,0.00069477,-2.66e-06,8186604.2972277105,0.026313966940671018,,0.63770212,37.47791627
295.0,0.20943201,0.00065273,-3e-07,8201478.872484097,0.026361447454603747,,1.25415253,37.45230832
296.0,0.20944818,0.00064119,-2.4e-07,8227783.705833924,0.02644617824913391,,0.47923332,37.45480346
297.0,0.20943557,0.00062327,-1.67e-06,8173861.192893736,0.026272669476360675,,1.0795909,37.48487638
298.0,0.20942988,0.00062713,-3.47e-06,8160334.248869332,0.026229160773419136,,1.34989142,37.45427816
299.0,0.2094558,0.00062198,-2.86e-06,8117760.989237233,0.026092633774084415,,0.11029291,37.45454081
300.0,0.20944228,0.00061668,-2e-06,8186893.138795136,0.026314633654296544,,0.75958714,37.50706994
301.0,0.20946505,0.0006258,-2.76e-06,8197628.088660386,0.026349478482449944,,-0.33283989,37.47647172
302.0,0.20946729,0.00062299,-2.61e-06,8234496.758733191,0.02646800375037508,,-0.44221598,37.44390366
303.0,0.2094618,0.00063557,-3.34e-06,8210807.663873411,0.026391836515092585,,-0.17691336,37.45808653
304.0,0.2094438,0.00062459,-4.33e-06,8158295.423740478,0.02622279965012086,,0.6840703,37.48789681
305.0,0.20947054,0.00060723,-4.58e-06,8143581.868887077,0.026175814126364043,,-0.59251836,37.49144253
306.0,0.20945265,0.00061623,-5.04e-06,8185257.116848986,0.026309568283720164,,0.26230432,37.50470613
307.0,0.20945082,0.0006225,-4.04e-06,8176131.861680274,0.026280211530380248,,0.34964515,37.49236179
308.0,0.20943537,0.00061185,-2.34e-06,8198386.108563022,0.026351476731278793,,1.09259208,37.51232286
309.0,0.20945509,0.00063388,-1.92e-06,8157953.917898619,0.026221830102188193,,0.1448435,37.49603882
310.0,0.20946505,0.00065373,-3.01e-06,8192308.973683281,0.02633246329381793,,-0.33262496,37.48947268
311.0,0.20944685,0.0006469,-3.47e-06,8211761.006295852,0.026394737100970893,,0.54186681,33.02580952
312.0,0.20945112,0.00067138,-5.06e-06,8326480.23797516,0.026763631314514483,,0.3412026,-99.53649709
313.0,0.20942764,0.00067781,-3.53e-06,8222245.1989127435,0.026428268659148203,,1.46784024,-136.58242406
314.0,0.20946221,0.00067162,-3.08e-06,8173196.634938706,0.02627104397617534,,-0.19557172,-136.58531317
315.0,0.20944929,0.00065518,-2.06e-06,8230500.698289941,0.02645499970030066,,0.4254838,-136.59713223
316.0,0.20943801,0.00064292,-2.03e-06,8264528.402783599,0.026564188900325674,,0.97346936,-136.62260889
317.0,0.20945875,0.00061844,-2e-06,8238502.241551617,0.026480740954856037,,-0.0303342,-136.58413126
318.0,0.20948508,0.00061455,-1.24e-06,8243952.835260981,0.026498584556219507,,-1.30187869,-136.60488029
319.0,0.20947217,0.00062749,-8.3e-07,8315305.157664008,0.026727788361502924,,-0.68424191,-136.59673827
320.0,0.20945194,0.00061358,-1.13e-06,8275051.681942063,0.026598099599278207,,0.29967295,-136.59043476
321.0,0.20945265,0.00060635,-1.09e-06,8258995.473532858,0.02654647943030908,,0.2646663,-136.6266799
322.0,0.20947431,0.00060767,-5.8e-07,8255429.206502584,0.02653529823504022,,-0.78255398,-136.63954955
323.0,0.2094434,0.00063516,-1.45e-06,8282102.92775749,0.026620716681343137,,0.71417653,-136.58478788
324.0,0.20949067,0.0006516,-1.53e-06,8262566.7032810515,0.026558598351545996,,-1.57546986,-136.6266799
325.0,0.20944899,0.00066346,-7.2e-07,8256295.774402113,0.02653790524882797,,0.44156585,-136.61052718
326.0,0.20947461,0.00064232,-1.98e-06,8299637.594551644,0.026677524573803582,,-0.80157608,-136.59975869
327.0,0.20946709,0.00063979,-2.57e-06,8269482.158237619,0.026580500161033412,,-0.43424662,-136.63692309
328.0,0.20948732,0.00065667,-1.38e-06,8278487.779066249,0.026609740560086238,,-1.41580467,-136.61499216
329.0,0.20948447,0.00067757,9e-08,8284735.6415273575,0.0266298153343187,,-1.27872261,-136.61026453
330.0,0.2094554,0.00066342,8.1e-07,8282811.28688014,0.026623188977103286,,0.13226412,-136.61735597
331.0,0.20949139,0.00064783,-1.97e-06,8281875.448572262,0.026620670517267797,,-1.61367837,-136.616962
332.0,0.20948376,0.00065578,-3.32e-06,8299064.004674953,0.026675866583754832,,-1.24633689,-136.60317309
333.0,0.20948884,0.00064135,-4.85e-06,8292982.893634844,0.026656376827733343,,-1.49236944,-136.62116434
334.0,0.20947969,0.00062475,-6.07e-06,8255407.838616579,0.026535453866154145,,-1.04312168,-136.61210305
335.0,0.20946638,0.00061193,-5.25e-06,8282924.37959302,0.02662367160113884,,-0.40042485,-136.60277912
336.0,0.20948905,0.00062222,-2.65e-06,8305441.470299133,0.02669632956842857,,-1.50449885,-136.58373729
337.0,0.20949921,0.00063573,-1.2e-06,8298073.288664574,0.02667279139555842,,-1.99737741,-136.60369838
338.0,0.20949759,0.00062475,-2.53e-06,8255949.7455537515,0.026537365610810732,,-1.90856353,-136.62405344
339.0,0.20947166,0.00061129,-3.34e-06,8333422.973459963,0.02678602045982488,,-0.66091963,-136.58741433
340.0,0.20946241,0.00059979,-2.77e-06,8314573.987592419,0.0267252673550849,,-0.20885548,-136.60015266
341.0,0.20948112,0.00060152,-1.65e-06,8265232.27013511,0.026566902045302453,,-1.11326836,-136.57914099
342.0,0.20946607,0.00060418,-8.6e-07,8270795.687706951,0.026584576443414363,,-0.38506132,-136.65465169
343.0,0.20948102,0.00062994,-2.3e-07,8326128.199392532,0.026762690588807155,,-1.11651429,-136.60711278
344.0,0.20951416,0.00065197,-1.37e-06,8315838.699958429,0.02673014421135346,,-2.72975051,-136.59581901
345.0,0.20947054,0.00066824,-3.45e-06,8239992.350646006,0.026485853084330373,,-0.59953644,-136.60921395
346.0,0.2094981,0.000642,-2.01e-06,8271277.79046333,0.02658667995710111,,-1.93674101,-136.5912227
347.0,0.20945672,0.0006459,-1.75e-06,8329258.922589587,0.026772502209390096,,0.06852838,-136.60291044
348.0,0.20949383,0.00063516,-3.9e-07,8291804.235906147,0.02665255159076664,,-1.73412944,-136.5780904
349.0,0.20947359,0.00061627,-2.9e-07,8284418.435313893,0.026628486715948935,,-0.75076796,-136.6135476
350.0,0.20945062,0.00062154,-5.7e-07,8309826.603152557,0.026709868798755098,,0.36525772,-136.6329834
351.0,0.20948732,0.00065221,-1.82e-06,8337994.585232812,0.026801010684692657,,-1.42598141,-136.6123657
352.0,0.20951619,0.0006672,-6.2e-07,8316553.982812459,0.026732498775627517,,-2.82906115,-136.6220836
353.0,0.20953277,0.00064702,-2.2e-07,8247865.042395997,0.026511863122228897,,-3.60649784,-136.62825578
354.0,0.20951436,0.0006498,-1.1e-07,8271609.949977034,0.026587949248465474,,-2.72508261,-136.59201064
355.0,0.20953948,0.00063713,-8.6e-07,8339403.652761165,0.026806178583976183,,-3.9743933,-136.60067795
356.0,0.2095409,0.00064453,-1.48e-06,8333903.9871778805,0.026788552285557335,,-4.04128108,-136.62536667
357.0,0.20951985,0.00066503,-1.91e-06,8282988.412472336,0.02662467406186945,,-2.99525919,-136.63482193
358.0,0.20954822,0.00066101,-6.4e-07,8264074.339410095,0.026564218515052886,,-4.36188549,-136.55366433
359.0,0.20950033,0.00067395,3.8e-07,8288695.221243503,0.02664273849874888,,-2.0494294,-136.60973924
360.0,0.20950226,0.00068324,8.1e-07,8335437.018822587,0.026793026503376956,,-2.15531474,-136.64808555
361.0,0.20950969,0.00067877,-1.69e-06,8356064.84094317,0.026859467378133498,,-2.52397043,-136.57047367
362.0,0.20950399,0.00064365,-3.52e-06,8265375.707930117,0.026567820579541802,,-2.22088555,-136.62562932
363.0,0.20950714,0.00062946,-3.9e-06,8261171.746147666,0.026554317189058593,,-2.37228647,-136.61893185
364.0,0.20949423,0.00064405,-1.92e-06,8326095.264165957,0.02676283400484184,,-1.76113982,-136.59700091
365.0,0.20949067,0.00062053,-3.67e-06,8338857.575756624,0.026803776295698307,,-1.59001394,-136.60803204
366.0,0.20951365,0.00062829,-2.68e-06,8305452.5272324225,0.02669671138825436,,-2.70160199,-136.65294449
367.0,0.20948925,0.00060912,-2.7e-06,8269792.412189703,0.02658170924386784,,-1.50788945,-136.58294935
368.0,0.20949454,0.00060209,-3.65e-06,8280540.373309353,0.026616325683577167,,-1.76629358,-136.64348924
369.0,0.20948081,0.00063022,-3.33e-06,8300176.395129411,0.026679331402431852,,-1.1031506,-136.6186692
370.0,0.20948539,0.00065144,-1.63e-06,8371193.334679762,0.026907690336079367,,-1.33693431,-136.62720519
371.0,0.20948488,0.000642,4e-07,8358455.264146882,0.026866673220412324,,-1.31000732,-136.63245811
372.0,0.2094679,0.00064232,1.87e-06,8220202.727251963,0.026422034803265767,,-0.47081855,-136.62313418
373.0,0.20945102,0.00065442,6.1e-07,8287651.693198982,0.026638667612263873,,0.34454438,-136.6089513
374.0,0.20945255,0.00064963,-1.06e-06,8290041.686263644,0.02664638885474524,,0.27059876,-136.63797368
375.0,0.20948427,0.00064787,-3.6e-07,8380412.032764723,0.026937272261019257,,-1.28350446,-136.63666045
376.0,0.20947959,0.00067564,-1.82e-06,8337423.398894516,0.02679913689721665,,-1.04852201,-136.59319255
377.0,0.20948142,0.00066366,-3.62e-06,8291573.589560139,0.02665178657287354,,-1.13163915,-136.62077037
378.0,0.20945519,0.00063742,-4.38e-06,8255024.180264075,0.026533898065836982,,0.14165172,-136.60527426
379.0,0.20946444,0.00064758,-4.51e-06,8238118.884103312,0.02647971319709234,,-0.30505061,-136.63941823
380.0,0.20944655,0.00061869,-3.59e-06,8339975.856111662,0.02680677192732641,,0.56522357,-136.62720519
381.0,0.20943455,0.00063139,-3.96e-06,8338216.424543014,0.026800998499911598,,1.15094782,-136.61289099
382.0,0.20946211,0.00062612,-5.37e-06,8331468.941451119,0.0267796925602087,,-0.19439705,-136.63193282
383.0,0.20946993,0.00063975,-6.56e-06,8304559.037499411,0.02669336218371424,,-0.57456115,-136.60185986
384.0,0.2094437,0.0006346,-4.72e-06,8258369.79738286,0.026544497729739804,,0.69737973,-136.58649507
385.0,0.20942683,0.0006459,-4.77e-06,8279035.527400448,0.026610730325830216,,1.51740867,-136.61564877
386.0,0.20949535,0.00066414,-7.28e-06,8301352.154205716,0.026683475997526157,,-1.8103021,-136.62786181
387.0,0.20947065,0.00066692,-9.23e-06,8340407.3077042755,0.02680872719053188,,-0.61181182,-136.60185986
388.0,0.2094678,0.00065233,-8.72e-06,8343369.725855875,0.02681816013656239,,-0.47290866,-136.64020617
389.0,0.20949891,0.00065896,-6.53e-06,8289497.193396438,0.026645388520746913,,-1.98051416,-136.62904371
390.0,0.20947268,0.0006545,-4.08e-06,8356554.371707177,0.026860521312256438,,-0.71252205,-136.62694255
391.0,0.20949139,0.00067194,-3.29e-06,8315974.35873476,0.026730368746771194,,-1.62032802,-136.63626648
392.0,0.20950694,0.00066318,-3.68e-06,8261174.0801332025,0.026554411758905428,,-2.3624542,-136.60369838
393.0,0.20948285,0.00062604,-5.55e-06,8272218.314939961,0.026589523644895596,,-1.19796503,-136.61945714
394.0,0.20950054,0.00063629,-5.92e-06,8322615.14948211,0.02675178779438608,,-2.06773135,-136.62694255
395.0,0.20947542,0.00065245,-3.68e-06,8307515.164208656,0.02670291746697213,,-0.84191724,-136.59069741
396.0,0.20949413,0.00066129,-4.93e-06,8314595.637078018,0.026725975527782997,,-1.75376243,-136.66305636
397.0,0.20948966,0.00064071,-5.12e-06,8388096.193389231,0.02696211679844369,,-1.54945096,-136.63429663
398.0,0.2094863,0.00064111,-6.6e-06,8332612.227284324,0.026783757696220965,,-1.37543872,-136.63390266
399.0,0.20948264,0.00065864,-8.07e-06,8339858.923858158,0.026807079641186938,,-1.19783337,-136.61985111
400.0,0.2095047,0.00065594,-7.01e-06,8254309.8685467485,0.026532361638535378,,-2.25233499,-136.6427013
401.0,0.20947441,0.0006207,-5.47e-06,8255633.817010867,0.026536087304729658,,-0.78749361,-136.59818282
402.0,0.20949657,0.00059983,-5.58e-06,8294369.632087564,0.026660835330330097,,-1.86804453,-136.63797368
403.0,0.20949627,0.00057873,-6.33e-06,8319953.074361518,0.026743020208950523,,-1.85893766,-136.61013321
404.0,0.20947298,0.0005795,-7.58e-06,8290238.072284295,0.026647222125711884,,-0.72167465,-136.61367893
405.0,0.20948518,0.00058609,-5.57e-06,8336969.814776638,0.026797574731765555,,-1.32153314,-136.61210305
406.0,0.20950521,0.00057065,-4.19e-06,8342115.929802363,0.026814314581504146,,-2.3011124,-136.63061959
407.0,0.20945804,0.00055321,-4.23e-06,8369562.14584474,0.026901852032776313,,0.00407013,-136.59148535
408.0,0.20954517,0.00061422,-4.02e-06,8344351.100110892,0.02682215478790077,,-4.25511752,-136.60593087
409.0,0.20949352,0.00060876,-4.28e-06,8314660.16688253,0.02672601492445989,,-1.72405356,-136.67369352
410.0,0.20952463,0.00059975,-3.44e-06,8294744.564791861,0.02666237345271153,,-3.23171078,-136.59450577
411.0,0.20960343,0.00061374,-1.8e-06,8316160.473914911,0.026732273295042037,,-7.07983212,-136.62471006
412.0,0.20955879,0.00063677,-7.1e-07,8363311.604611514,0.02688328406658564,,-4.93242266,-136.65307582
413.0,0.20935739,0.0006264,1.3e-07,8348935.904742277,0.026834322592421064,,4.92470678,-136.60382971
414.0,0.20944299,0.00062053,-1.05e-06,8335512.412123499,0.026792333518205928,,0.7386336,-136.59279858
415.0,0.20954192,0.00062339,-1.41e-06,8332717.44304335,0.02678469116660864,,-4.09033534,-136.58938418
416.0,0.20945285,0.0006297,6.3e-07,8295958.540402724,0.026665322849015457,,0.25597138,-136.63954955
417.0,0.20952026,0.00061459,1.4e-06,8336927.276956843,0.02679785367722889,,-3.03460464,-136.65517699
418.0,0.20948884,0.00059815,3.03e-06,8319166.928711969,0.026740267444842904,,-1.49706611,-136.64887348
419.0,0.2094861,0.00059019,3.74e-06,8383617.451914139,0.02694735722517195,,-1.37385457,-136.64742893
420.0,0.2094798,0.00057857,3.66e-06,8372458.071910146,0.026911371630877697,,-1.06288517,-136.62444741
421.0,0.20950115,0.00057262,2.59e-06,8344340.826174442,0.026821285764638794,,-2.10292122,-136.59910208
422.0,0.20950074,0.00057094,5.4e-07,8264892.028761744,0.026565942037938314,,-2.06321149,-136.6283871
423.0,0.20949515,0.00058235,6.6e-07,8294366.598014938,0.026660637507619444,,-1.79887302,-136.57795908
424.0,0.20948091,0.00057885,6.7e-07,8304766.661522203,0.02669386621214846,,-1.1086973,-136.62773049
425.0,0.20949281,0.00057238,-1.8e-07,8361710.299943308,0.02687705753033061,,-1.69893794,-136.61643671
426.0,0.20946902,0.00056105,-1.51e-06,8327622.485286545,0.02676716411338804,,-0.53151803,-136.63035694
427.0,0.2094924,0.00058034,-3.75e-06,8261766.345536085,0.026555892773826095,,-1.6589552,-136.61853788
428.0,0.20949322,0.00060639,-5.28e-06,8310513.749633785,0.026712695644202086,,-1.70834608,-136.64020617
429.0,0.20949301,0.00062865,-5.36e-06,8348968.097640427,0.02683636184510965,,-1.70631017,-136.60921395
430.0,0.20946678,0.00061555,-5.72e-06,8349145.27722437,0.02683654906097085,,-0.42351407,-136.61919449
431.0,0.20947725,0.00060815,-6.59e-06,8288562.519483311,0.026641954404490065,,-0.9288432,-136.62654858
432.0,0.20952178,0.00063066,-7.74e-06,8313807.091041293,0.0267237790335778,,-3.10049642,-136.62733652
433.0,0.2095167,0.0006264,-7.95e-06,8324031.556826059,0.026756568492239844,,-2.85639839,-136.61092115
434.0,0.20948305,0.00061788,-7.28e-06,8347531.165955031,0.026831616204299254,,-1.21881481,-136.63941823
435.0,0.20949454,0.00060498,-6.81e-06,8294637.789576834,0.026661708292029577,,-1.76930521,-136.62484138
436.0,0.20948122,0.00063384,-6.67e-06,8242302.518919243,0.026493386334500605,,-1.11509631,-136.66108652
437.0,0.20949769,0.00062636,-6.31e-06,8337783.0713028945,0.026800484185980276,,-1.93245273,-136.64309527
438.0,0.20948315,0.00060647,-5.01e-06,8380005.404410245,0.026935923629403488,,-1.22854352,-136.6152548
439.0,0.20945346,0.0006125,-4.63e-06,8337135.530399455,0.026797737871320452,,0.2274559,-136.63587251
440.0,0.20947837,0.00058999,-5.44e-06,8302617.367697032,0.026687072877327033,,-0.98480451,-136.6655515
441.0,0.20943903,0.00059859,-4.93e-06,8325527.491480467,0.02676019994826622,,0.93108035,-136.64572173
442.0,0.20946444,0.00060643,-6.4e-06,8374165.602967116,0.026916927499757732,,-0.31008738,-136.65596492
443.0,0.20942459,0.00060494,-7.02e-06,8359710.090233717,0.02686993501543677,,1.64168945,-136.57559527
444.0,0.20947339,0.00064787,-5.79e-06,8300632.51575624,0.026680795259532864,,-0.74235647,-136.60737543
445.0,0.20945438,0.00062065,-5.49e-06,8335570.983216316,0.026792760921082574,,0.18274196,-136.65255053
446.0,0.20944655,0.00064079,-6e-06,8341989.902113005,0.026813354477338406,,0.56536236,-136.60514294
447.0,0.20945956,0.00064871,-5.07e-06,8331216.950412497,0.026778906078721833,,-0.07036419,-136.62313418
448.0,0.20946343,0.00063681,-2.69e-06,8345063.810342589,0.026823386169162626,,-0.25931594,-136.6089513
449.0,0.20948081,0.00061784,-1.36e-06,8314032.803683022,0.026723797416840344,,-1.1049892,-136.59962737
450.0,0.20946404,0.00063179,-2.17e-06,8315109.675687249,0.026727089178988073,,-0.28809423,-136.59384916
451.0,0.20946607,0.00063412,-2.15e-06,8343933.3401965555,0.02681976993159018,,-0.38846795,-136.61945714
452.0,0.20949535,0.00064497,-1.8e-06,8372496.740680161,0.026911999104001803,,-1.82580594,-136.59319255
453.0,0.20945326,0.00062122,-2.87e-06,8336624.819054375,0.02679608406306439,,0.23737012,-136.62589196
454.0,0.20947705,0.00060984,-4.22e-06,8306724.437526678,0.02670028864770664,,-0.92098333,-136.65005539
455.0,0.20945529,0.00058955,-4.35e-06,8318479.904828454,0.02673772849270547,,0.13778652,-136.62234624
456.0,0.20949383,0.00060253,-4.56e-06,8386961.244089619,0.026958406055134502,,-1.75402966,-136.59319255
457.0,0.20945946,0.00062608,-5.52e-06,8361329.3092239015,0.026875639350548694,,-0.06563939,-136.62116434
458.0,0.2094739,0.0006348,-4.46e-06,8376479.437947813,0.026924534746412182,,-0.77407973,-136.60776939
459.0,0.20946892,0.00060888,-2.88e-06,8325876.426882024,0.026761711308679135,,-0.52645171,-136.64729761
460.0,0.20946424,0.00062399,-3.17e-06,8269057.669574675,0.02657906526025357,,-0.29634692,-136.6329834
461.0,0.20948457,0.0006459,-5.17e-06,8267878.92106933,0.026575646427965224,,-1.28104537,-136.62720519
462.0,0.20947614,0.00062833,-4.95e-06,8341269.056384291,0.0268113793034309,,-0.88010863,-136.59529371
463.0,0.20946302,0.00063955,-4.08e-06,8364600.094810767,0.026886210514020455,,-0.23999924,-136.63626648
464.0,0.20948508,0.00065096,-4.52e-06,8385472.869580382,0.02695364007788843,,-1.32423565,-136.58347465
465.0,0.20946597,0.00066181,-5.55e-06,8329683.48498709,0.026774109107046255,,-0.38284628,-136.64545909
466.0,0.20948966,0.00065277,-5.92e-06,8377824.377244679,0.02692914942862431,,-1.54755639,-136.60842601
467.0,0.20944126,0.00061246,-4.64e-06,8261585.963252642,0.026554739613042833,,0.81570994,-136.62300286
468.0,0.20943303,0.00061326,-2.4e-06,8324894.053873376,0.026758075787441625,,1.2234553,-136.63915558
469.0,0.2094863,0.00061447,-3.04e-06,8300788.557827027,0.0266813227214084,,-1.37017834,-136.61617406
470.0,0.20947573,0.00061,-2.02e-06,8357217.974353436,0.026862529916295064,,-0.86188023,-136.62510403
471.0,0.20947461,0.0005973,-7.4e-07,8367948.534471117,0.026896945248506134,,-0.80816898,-136.65911667
472.0,0.20946292,0.00059248,-8.7e-07,8357636.44739968,0.026863630993946886,,-0.23482086,-136.62182095
473.0,0.20947197,0.0006174,-3.11e-06,8349530.886004672,0.026837812840069697,,-0.67711415,-136.6237908
474.0,0.20946058,0.0006336,-4.77e-06,8318068.493803459,0.026736608651126575,,-0.1197854,-136.60947659
475.0,0.20948102,0.00063943,-2.63e-06,8307917.3437066525,0.026704228309189677,,-1.1140753,-136.64309527
476.0,0.20946028,0.00066105,-3.21e-06,8338029.340236763,0.026800811381652544,,-0.10517764,-136.66134916
477.0,0.20947329,0.00067496,-4.68e-06,8335375.001354108,0.02679252166383525,,-0.74050127,-136.68236084
478.0,0.20948193,0.00065498,-3.78e-06,8350623.942397969,0.02684157892334805,,-1.16456322,-136.61302231
479.0,0.20946658,0.00065988,-1.35e-06,8332822.052397864,0.026784118858014083,,-0.41276233,-136.62129566
480.0,0.20946902,0.00062789,-4.4e-07,8357088.457315927,0.02686204312622046,,-0.53340206,-136.59621297
481.0,0.20945611,0.00062274,-1.14e-06,8301605.5774044,0.02668353206880491,,0.09796066,-136.63075091
482.0,0.20949332,0.00065711,-8.6e-07,8343436.99720381,0.02681858008361586,,-1.72008673,-136.66082387
483.0,0.20946272,0.00062717,9e-08,8323580.517407852,0.026754242479255425,,-0.22395157,-136.60409235
484.0,0.2094681,0.00065305,8.6e-07,8319105.240966393,0.026739987500837985,,-0.48639219,-136.63390266
485.0,0.20947634,0.00065812,3.8e-07,8360666.274503851,0.0268737110519469,,-0.89211262,-136.61709333
486.0,0.20949982,0.00065201,-6.8e-07,8362360.519020966,0.026879476141867586,,-2.04273756,-136.67132971
487.0,0.20946993,0.00062632,-1.17e-06,8396743.207286624,0.026989526784319245,,-0.58093593,-136.64296395
488.0,0.20948976,0.00059614,-1.86e-06,8320802.607328036,0.02674562619131943,,-1.54196521,-136.63390267
489.0,0.20949464,0.0006127,-1.53e-06,8300435.374382512,0.026680264793075507,,-1.77548009,-136.63285208
490.0,0.2094981,0.00060385,-4.5e-07,8304219.10081811,0.02669242751426224,,-1.94444435,-136.6398122
491.0,0.20950999,0.00061748,-2.7e-07,8342657.171089389,0.026816174262721232,,-2.53480893,-136.66200578
492.0,0.20944858,0.00063082,-8.3e-07,8328200.924114289,0.026768932235078893,,0.46524595,-136.65149994
493.0,0.20947654,0.00062435,5.3e-07,8353414.505462667,0.026850306299189854,,-0.90128486,-136.64230733
494.0,0.20951487,0.00063533,1.79e-06,8383590.711129122,0.026947824929913704,,-2.7869344,-136.64769158
495.0,0.20950572,0.00059168,1.83e-06,8335755.502504798,0.02679381947253067,,-2.32417701,-136.62457873
496.0,,0.00060269,,,0.026949490172934985,,,-136.62694255
497.0,,0.00059569,,,0.026736048813855075,,,-136.64506512
498.0,,,,,0.026723893123825063,,,-136.60855733
499.0,,,,,0.02659873086721612,,,-136.62746784
500.0,,,,,0.026744572560215733,,,-136.65675286
501.0,,,,,0.026761008384915748,,,-136.62405344
502.0,,,,,,,,-136.68091629
503.0,,,,,,,,-136.65399508
504.0,,,,,,,,-136.62444741
505.0,,,,,,,,-136.64887348
506.0,,,,,,,,-136.60855733
507.0,,,,,,,,-136.6237908
